20 140 40 130
40 130 60 140
20 140 60 140
40 140 40 155
20 155 60 155
20 160 60 160
20 155 20 160
60 155 60 160
80 10 210 10
80 10 80 160
210 10 210 160
80 160 210 160
100 150 110 150
110 150 110 120
110 120 100 120
100 120 100 150
180 150 190 150
190 150 190 120
190 120 180 120
180 120 180 150
140 160 140 130
140 130 160 130
160 130 160 160
150 160 150 130
90 50 90 40
90 40 120 40
120 40 120 50
120 50 90 50
130 50 130 40
130 40 160 40
160 40 160 50
160 50 130 50
170 50 170 40
170 40 200 40
200 40 200 50
200 50 170 50
90 100 90 90
90 90 120 90
120 90 120 100
120 100 90 100
130 100 130 90
130 90 160 90
160 90 160 100
160 100 130 100
170 100 170 90
170 90 200 90
200 90 200 100
200 100 170 100
100 20 110 20
110 20 110 40
110 40 100 40
100 40 100 20
140 20 150 20
150 20 150 40
150 40 140 40
140 40 140 20
180 20 190 20
190 20 190 40
190 40 180 40
180 40 180 20
100 70 110 70
110 70 110 90
110 90 100 90
100 90 100 70
140 70 150 70
150 70 150 90
150 90 140 90
140 90 140 70
180 70 190 70
190 70 190 90
190 90 180 90
180 90 180 70