lookat 3 3 3 0 0 0 0 1 0
screen 189.0 10 50

triangle -0.128 0.360 -0.118 -0.121 0.339 -0.123 -0.132 0.353 -0.121 
triangle -0.121 0.339 -0.123 -0.134 0.322 -0.114 -0.132 0.353 -0.121 
triangle -0.128 0.360 -0.118 -0.132 0.353 -0.121 -0.143 0.363 -0.109 
triangle -0.134 0.307 -0.100 -0.134 0.322 -0.114 -0.121 0.339 -0.123 
triangle -0.140 0.324 -0.098 -0.132 0.353 -0.121 -0.134 0.322 -0.114 
triangle -0.125 0.335 -0.095 -0.121 0.339 -0.123 -0.128 0.360 -0.118 
triangle -0.132 0.353 -0.121 -0.157 0.355 -0.100 -0.143 0.363 -0.109 
triangle -0.157 0.355 -0.100 -0.132 0.353 -0.121 -0.143 0.344 -0.101 
triangle -0.125 0.335 -0.095 -0.126 0.322 -0.095 -0.121 0.339 -0.123 
triangle -0.125 0.335 -0.095 -0.128 0.360 -0.118 -0.130 0.343 -0.093 
triangle -0.132 0.353 -0.121 -0.140 0.324 -0.098 -0.143 0.344 -0.101 
triangle -0.121 0.339 -0.123 -0.126 0.322 -0.095 -0.134 0.307 -0.100 
triangle -0.157 0.355 -0.100 -0.143 0.344 -0.101 -0.148 0.328 -0.077 
triangle -0.144 0.300 -0.084 -0.134 0.322 -0.114 -0.134 0.307 -0.100 
triangle -0.130 0.343 -0.093 -0.128 0.360 -0.118 -0.143 0.363 -0.109 
triangle -0.150 0.348 -0.078 -0.143 0.363 -0.109 -0.157 0.355 -0.100 
triangle -0.126 0.322 -0.095 -0.126 0.302 -0.054 -0.134 0.307 -0.100 
triangle -0.134 0.322 -0.114 -0.144 0.300 -0.084 -0.140 0.324 -0.098 
triangle -0.159 0.339 -0.079 -0.150 0.348 -0.078 -0.157 0.355 -0.100 
triangle -0.157 0.355 -0.100 -0.148 0.328 -0.077 -0.159 0.339 -0.079 
triangle -0.143 0.344 -0.101 -0.140 0.324 -0.098 -0.148 0.328 -0.077 
triangle -0.130 0.343 -0.093 -0.143 0.363 -0.109 -0.133 0.339 -0.070 
triangle -0.133 0.339 -0.070 -0.143 0.363 -0.109 -0.150 0.348 -0.078 
triangle -0.123 0.317 -0.050 -0.126 0.322 -0.095 -0.125 0.335 -0.095 
triangle -0.134 0.307 -0.100 -0.134 0.293 -0.046 -0.144 0.300 -0.084 
triangle -0.038 0.160 -0.079 -0.032 0.181 -0.075 -0.010 0.169 -0.075 
triangle -0.150 0.302 -0.055 -0.150 0.307 -0.038 -0.144 0.300 -0.084 
triangle -0.008 0.152 -0.074 -0.043 0.143 -0.078 -0.038 0.160 -0.079 
triangle -0.008 0.152 -0.074 -0.028 0.126 -0.073 -0.043 0.143 -0.078 
triangle -0.144 0.300 -0.084 -0.150 0.307 -0.038 -0.140 0.324 -0.098 
triangle -0.038 0.160 -0.079 -0.043 0.143 -0.078 -0.055 0.170 -0.073 
triangle -0.126 0.302 -0.054 -0.126 0.322 -0.095 -0.123 0.317 -0.050 
triangle -0.032 0.181 -0.075 -0.038 0.160 -0.079 -0.055 0.170 -0.073 
triangle -0.123 0.317 -0.050 -0.125 0.335 -0.095 -0.130 0.343 -0.093 
triangle -0.010 0.169 -0.075 -0.008 0.152 -0.074 -0.038 0.160 -0.079 
triangle -0.055 0.170 -0.073 -0.043 0.143 -0.078 -0.063 0.153 -0.065 
triangle -0.032 0.181 -0.075 -0.055 0.170 -0.073 -0.047 0.185 -0.069 
triangle -0.010 0.169 -0.075 -0.032 0.181 -0.075 -0.004 0.180 -0.071 
triangle -0.032 0.112 -0.069 -0.043 0.143 -0.078 -0.028 0.126 -0.073 
triangle 0.015 0.159 -0.067 -0.008 0.152 -0.074 -0.010 0.169 -0.075 
triangle 0.015 0.159 -0.067 -0.010 0.169 -0.075 -0.004 0.180 -0.071 
triangle -0.142 0.340 -0.053 -0.133 0.339 -0.070 -0.150 0.348 -0.078 
triangle -0.043 0.143 -0.078 -0.056 0.129 -0.060 -0.063 0.153 -0.065 
triangle -0.004 0.180 -0.071 -0.032 0.181 -0.075 0.003 0.191 -0.064 
triangle -0.028 0.126 -0.073 -0.008 0.107 -0.064 -0.032 0.112 -0.069 
triangle 0.015 0.159 -0.067 0.022 0.139 -0.063 -0.008 0.152 -0.074 
triangle -0.032 0.181 -0.075 -0.047 0.185 -0.069 -0.026 0.193 -0.063 
triangle -0.008 0.152 -0.074 0.022 0.139 -0.063 -0.028 0.126 -0.073 
triangle 0.004 0.128 -0.068 -0.028 0.126 -0.073 0.022 0.139 -0.063 
triangle 0.004 0.128 -0.068 -0.008 0.107 -0.064 -0.028 0.126 -0.073 
triangle 0.022 0.181 -0.062 0.015 0.159 -0.067 -0.004 0.180 -0.071 
triangle -0.032 0.181 -0.075 -0.026 0.193 -0.063 0.003 0.191 -0.064 
triangle 0.022 0.181 -0.062 -0.004 0.180 -0.071 0.003 0.191 -0.064 
triangle -0.055 0.170 -0.073 -0.059 0.186 -0.050 -0.047 0.185 -0.069 
triangle -0.146 0.297 -0.059 -0.150 0.302 -0.055 -0.144 0.300 -0.084 
triangle -0.144 0.300 -0.084 -0.134 0.293 -0.046 -0.146 0.297 -0.059 
triangle -0.008 0.107 -0.064 -0.020 0.094 -0.060 -0.032 0.112 -0.069 
triangle -0.020 0.094 -0.060 -0.045 0.093 -0.055 -0.032 0.112 -0.069 
triangle -0.032 0.112 -0.069 -0.056 0.129 -0.060 -0.043 0.143 -0.078 
triangle 0.004 0.128 -0.068 0.011 0.111 -0.061 -0.008 0.107 -0.064 
triangle -0.126 0.302 -0.054 -0.134 0.293 -0.046 -0.134 0.307 -0.100 
triangle 0.029 0.154 -0.060 0.015 0.159 -0.067 0.022 0.181 -0.062 
triangle -0.063 0.153 -0.065 -0.067 0.173 -0.050 -0.055 0.170 -0.073 
triangle 0.022 0.139 -0.063 0.015 0.159 -0.067 0.029 0.154 -0.060 
triangle -0.159 0.339 -0.079 -0.150 0.316 -0.012 -0.150 0.348 -0.078 
triangle 0.004 0.128 -0.068 0.040 0.123 -0.055 0.011 0.111 -0.061 
triangle -0.047 0.185 -0.069 -0.021 0.200 -0.049 -0.026 0.193 -0.063 
triangle -0.053 0.109 -0.054 -0.056 0.129 -0.060 -0.032 0.112 -0.069 
triangle -0.159 0.339 -0.079 -0.148 0.328 -0.077 -0.157 0.319 -0.044 
triangle 0.022 0.139 -0.063 0.040 0.123 -0.055 0.004 0.128 -0.068 
triangle 0.007 0.099 -0.059 -0.020 0.094 -0.060 -0.008 0.107 -0.064 
triangle 0.011 0.111 -0.061 0.007 0.099 -0.059 -0.008 0.107 -0.064 
triangle 0.046 0.139 -0.054 0.022 0.139 -0.063 0.029 0.154 -0.060 
triangle -0.047 0.185 -0.069 -0.047 0.193 -0.050 -0.021 0.200 -0.049 
triangle 0.046 0.139 -0.054 0.040 0.123 -0.055 0.022 0.139 -0.063 
triangle -0.069 0.085 -0.060 -0.068 0.070 -0.062 -0.078 0.067 -0.060 
triangle 0.043 0.109 -0.054 0.011 0.111 -0.061 0.040 0.123 -0.055 
triangle -0.055 0.170 -0.073 -0.067 0.173 -0.050 -0.059 0.186 -0.050 
triangle -0.025 0.087 -0.054 -0.045 0.093 -0.055 -0.020 0.094 -0.060 
triangle -0.131 0.326 -0.040 -0.130 0.343 -0.093 -0.133 0.339 -0.070 
triangle -0.032 0.112 -0.069 -0.045 0.093 -0.055 -0.053 0.109 -0.054 
triangle -0.025 0.087 -0.054 -0.068 0.070 -0.062 -0.069 0.085 -0.060 
triangle 0.043 0.109 -0.054 0.025 0.094 -0.052 0.011 0.111 -0.061 
triangle 0.007 0.099 -0.059 0.025 0.094 -0.052 -0.020 0.094 -0.060 
triangle -0.025 0.087 -0.054 -0.026 0.072 -0.052 -0.068 0.070 -0.062 
triangle 0.003 0.191 -0.064 0.036 0.188 -0.049 0.022 0.181 -0.062 
triangle 0.011 0.111 -0.061 0.025 0.094 -0.052 0.007 0.099 -0.059 
triangle -0.025 0.087 -0.054 -0.069 0.085 -0.060 -0.045 0.093 -0.055 
triangle -0.159 0.339 -0.079 -0.157 0.319 -0.044 -0.150 0.316 -0.012 
triangle -0.017 0.348 -0.057 -0.021 0.357 -0.060 -0.023 0.364 -0.054 
triangle -0.021 0.357 -0.060 -0.032 0.366 -0.053 -0.033 0.375 -0.045 
triangle 0.025 0.094 -0.052 -0.025 0.087 -0.054 -0.020 0.094 -0.060 
triangle -0.088 0.070 -0.053 -0.069 0.085 -0.060 -0.078 0.067 -0.060 
triangle -0.026 0.193 -0.063 -0.021 0.200 -0.049 0.003 0.191 -0.064 
triangle -0.069 0.085 -0.060 -0.057 0.099 -0.047 -0.045 0.093 -0.055 
triangle 0.051 0.174 -0.047 0.029 0.154 -0.060 0.022 0.181 -0.062 
triangle -0.021 0.357 -0.060 -0.033 0.375 -0.045 -0.023 0.364 -0.054 
triangle -0.047 0.185 -0.069 -0.059 0.186 -0.050 -0.047 0.193 -0.050 
triangle 0.022 0.181 -0.062 0.036 0.188 -0.049 0.051 0.174 -0.047 
triangle -0.068 0.070 -0.062 -0.026 0.072 -0.052 -0.014 0.068 -0.046 
triangle -0.045 0.093 -0.055 -0.057 0.099 -0.047 -0.053 0.109 -0.054 
triangle 0.046 0.139 -0.054 0.029 0.154 -0.060 0.051 0.174 -0.047 
triangle -0.078 0.067 -0.060 -0.068 0.070 -0.062 -0.014 0.068 -0.046 
triangle -0.021 0.357 -0.060 -0.047 0.358 -0.040 -0.032 0.366 -0.053 
triangle -0.150 0.316 -0.012 -0.142 0.340 -0.053 -0.150 0.348 -0.078 
triangle -0.063 0.153 -0.065 -0.056 0.129 -0.060 -0.072 0.158 -0.042 
triangle -0.088 0.070 -0.053 -0.089 0.081 -0.043 -0.069 0.085 -0.060 
triangle -0.063 0.153 -0.065 -0.072 0.158 -0.042 -0.067 0.173 -0.050 
triangle 0.003 0.191 -0.064 -0.021 0.200 -0.049 0.012 0.199 -0.045 
triangle 0.043 0.109 -0.054 0.045 0.092 -0.040 0.025 0.094 -0.052 
triangle -0.023 0.364 -0.054 -0.033 0.375 -0.045 -0.032 0.366 -0.039 
triangle 0.040 0.123 -0.055 0.060 0.122 -0.039 0.043 0.109 -0.054 
triangle -0.025 0.087 -0.054 0.023 0.073 -0.045 -0.026 0.072 -0.052 
triangle 0.055 0.099 -0.039 0.045 0.092 -0.040 0.043 0.109 -0.054 
triangle -0.078 0.067 -0.060 -0.014 0.068 -0.046 -0.061 0.068 -0.044 
triangle -0.133 0.339 -0.070 -0.142 0.340 -0.053 -0.131 0.326 -0.040 
triangle 0.003 0.191 -0.064 0.012 0.199 -0.045 0.036 0.188 -0.049 
triangle -0.077 0.092 -0.045 -0.057 0.099 -0.047 -0.069 0.085 -0.060 
triangle -0.017 0.348 -0.057 -0.037 0.332 -0.037 -0.021 0.357 -0.060 
triangle -0.072 0.158 -0.042 -0.056 0.129 -0.060 -0.053 0.109 -0.054 
triangle 0.025 0.094 -0.052 0.023 0.073 -0.045 -0.025 0.087 -0.054 
triangle -0.069 0.085 -0.060 -0.089 0.081 -0.043 -0.077 0.092 -0.045 
triangle -0.148 0.328 -0.077 -0.140 0.324 -0.098 -0.150 0.307 -0.038 
triangle -0.123 0.317 -0.050 -0.130 0.343 -0.093 -0.131 0.326 -0.040 
triangle -0.026 0.072 -0.052 0.023 0.073 -0.045 -0.014 0.068 -0.046 
triangle -0.047 0.213 -0.045 -0.021 0.200 -0.049 -0.047 0.193 -0.050 
triangle -0.047 0.193 -0.050 -0.059 0.186 -0.050 -0.071 0.210 -0.042 
triangle -0.047 0.213 -0.045 -0.031 0.214 -0.044 -0.021 0.200 -0.049 
triangle 0.051 0.174 -0.047 0.064 0.153 -0.039 0.046 0.139 -0.054 
triangle -0.059 0.186 -0.050 -0.067 0.173 -0.050 -0.091 0.185 -0.045 
triangle -0.037 0.332 -0.037 -0.017 0.348 -0.057 -0.020 0.333 -0.043 
triangle -0.021 0.200 -0.049 -0.013 0.221 -0.044 0.012 0.199 -0.045 
triangle -0.037 0.332 -0.037 -0.046 0.344 -0.041 -0.021 0.357 -0.060 
triangle -0.021 0.357 -0.060 -0.046 0.344 -0.041 -0.047 0.358 -0.040 
triangle 0.043 0.109 -0.054 0.060 0.111 -0.033 0.055 0.099 -0.039 
triangle -0.031 0.214 -0.044 -0.013 0.221 -0.044 -0.021 0.200 -0.049 
triangle 0.060 0.111 -0.033 0.043 0.109 -0.054 0.060 0.122 -0.039 
triangle -0.047 0.213 -0.045 -0.047 0.193 -0.050 -0.071 0.210 -0.042 
triangle -0.023 0.330 -0.028 -0.017 0.348 -0.057 -0.023 0.364 -0.054 
triangle -0.071 0.210 -0.042 -0.059 0.186 -0.050 -0.091 0.185 -0.045 
triangle 0.045 0.092 -0.040 0.023 0.073 -0.045 0.025 0.094 -0.052 
triangle 0.034 0.204 -0.044 0.036 0.188 -0.049 0.012 0.199 -0.045 
triangle -0.146 0.286 -0.015 -0.146 0.297 -0.059 -0.134 0.293 -0.046 
triangle -0.072 0.158 -0.042 -0.091 0.185 -0.045 -0.067 0.173 -0.050 
triangle -0.150 0.302 -0.055 -0.146 0.297 -0.059 -0.146 0.286 -0.015 
triangle -0.078 0.067 -0.060 -0.061 0.068 -0.044 -0.078 0.068 -0.032 
triangle -0.148 0.328 -0.077 -0.150 0.307 -0.038 -0.157 0.319 -0.044 
triangle -0.072 0.158 -0.042 -0.053 0.109 -0.054 -0.065 0.110 -0.021 
triangle 0.045 0.092 -0.040 0.033 0.070 -0.035 0.023 0.073 -0.045 
triangle -0.109 0.164 -0.043 -0.113 0.178 -0.044 -0.108 0.197 -0.044 
triangle -0.047 0.358 -0.040 -0.056 0.361 -0.028 -0.032 0.366 -0.053 
triangle -0.108 0.197 -0.044 -0.091 0.185 -0.045 -0.109 0.164 -0.043 
triangle -0.014 0.068 -0.046 0.009 0.069 -0.032 -0.061 0.068 -0.044 
triangle -0.091 0.185 -0.045 -0.085 0.164 -0.041 -0.109 0.164 -0.043 
triangle -0.071 0.210 -0.042 -0.091 0.185 -0.045 -0.108 0.197 -0.044 
triangle -0.032 0.366 -0.053 -0.056 0.361 -0.028 -0.033 0.375 -0.045 
triangle 0.064 0.153 -0.039 0.040 0.123 -0.055 0.046 0.139 -0.054 
triangle -0.032 0.366 -0.039 -0.029 0.344 -0.036 -0.023 0.364 -0.054 
triangle -0.072 0.158 -0.042 -0.085 0.164 -0.041 -0.091 0.185 -0.045 
triangle 0.012 0.199 -0.045 0.031 0.212 -0.038 0.034 0.204 -0.044 
triangle -0.023 0.330 -0.028 -0.023 0.364 -0.054 -0.029 0.344 -0.036 
triangle -0.020 0.333 -0.043 -0.017 0.348 -0.057 -0.023 0.330 -0.028 
triangle 0.036 0.188 -0.049 0.034 0.204 -0.044 0.050 0.202 -0.038 
triangle -0.071 0.210 -0.042 -0.108 0.197 -0.044 -0.075 0.217 -0.040 
triangle 0.012 0.199 -0.045 -0.005 0.226 -0.039 0.031 0.212 -0.038 
triangle 0.036 0.188 -0.049 0.050 0.202 -0.038 0.051 0.174 -0.047 
triangle -0.013 0.221 -0.044 -0.005 0.226 -0.039 0.012 0.199 -0.045 
triangle -0.053 0.109 -0.054 -0.057 0.099 -0.047 -0.065 0.110 -0.021 
triangle -0.085 0.164 -0.041 -0.097 0.141 -0.030 -0.109 0.164 -0.043 
triangle -0.109 0.164 -0.043 -0.127 0.171 -0.039 -0.113 0.178 -0.044 
triangle -0.071 0.210 -0.042 -0.042 0.230 -0.033 -0.047 0.213 -0.045 
triangle -0.097 0.141 -0.030 -0.117 0.144 -0.033 -0.109 0.164 -0.043 
triangle -0.014 0.068 -0.046 0.023 0.073 -0.045 0.033 0.070 -0.035 
triangle 0.031 0.212 -0.038 -0.005 0.226 -0.039 0.010 0.229 -0.040 
triangle -0.075 0.217 -0.040 -0.108 0.197 -0.044 -0.105 0.220 -0.037 
triangle 0.064 0.153 -0.039 0.060 0.122 -0.039 0.040 0.123 -0.055 
triangle -0.042 0.230 -0.033 -0.031 0.214 -0.044 -0.047 0.213 -0.045 
triangle -0.113 0.178 -0.044 -0.121 0.196 -0.037 -0.108 0.197 -0.044 
triangle 0.051 0.174 -0.047 0.050 0.202 -0.038 0.073 0.175 -0.034 
triangle -0.131 0.326 -0.040 -0.142 0.340 -0.053 -0.141 0.313 -0.000 
triangle -0.072 0.158 -0.042 -0.073 0.146 -0.035 -0.085 0.164 -0.041 
triangle -0.123 0.317 -0.050 -0.131 0.326 -0.040 -0.127 0.303 -0.010 
triangle -0.121 0.196 -0.037 -0.113 0.178 -0.044 -0.127 0.171 -0.039 
triangle -0.141 0.313 -0.000 -0.142 0.340 -0.053 -0.150 0.316 -0.012 
triangle -0.105 0.220 -0.037 -0.108 0.197 -0.044 -0.121 0.196 -0.037 
triangle -0.117 0.144 -0.033 -0.127 0.171 -0.039 -0.109 0.164 -0.043 
triangle -0.086 0.229 -0.032 -0.075 0.217 -0.040 -0.105 0.220 -0.037 
triangle 0.073 0.175 -0.034 0.064 0.153 -0.039 0.051 0.174 -0.047 
triangle -0.031 0.214 -0.044 -0.005 0.226 -0.039 -0.013 0.221 -0.044 
triangle -0.075 0.217 -0.040 -0.071 0.230 -0.031 -0.071 0.210 -0.042 
triangle -0.121 0.196 -0.037 -0.131 0.203 -0.033 -0.105 0.220 -0.037 
triangle 0.034 0.204 -0.044 0.031 0.212 -0.038 0.050 0.202 -0.038 
triangle -0.086 0.229 -0.032 -0.071 0.230 -0.031 -0.075 0.217 -0.040 
triangle -0.150 0.302 -0.055 -0.146 0.286 -0.015 -0.154 0.295 -0.010 
triangle -0.047 0.358 -0.040 -0.046 0.344 -0.041 -0.079 0.335 -0.024 
triangle -0.073 0.146 -0.035 -0.086 0.142 -0.035 -0.085 0.164 -0.041 
triangle -0.086 0.142 -0.035 -0.097 0.141 -0.030 -0.085 0.164 -0.041 
triangle -0.127 0.171 -0.039 -0.132 0.151 -0.033 -0.147 0.167 -0.032 
triangle -0.057 0.099 -0.047 -0.066 0.103 -0.021 -0.065 0.110 -0.021 
triangle -0.071 0.230 -0.031 -0.042 0.230 -0.033 -0.071 0.210 -0.042 
triangle -0.059 0.077 -0.036 -0.061 0.068 -0.044 0.009 0.069 -0.032 
triangle -0.131 0.203 -0.033 -0.127 0.171 -0.039 -0.147 0.167 -0.032 
triangle -0.014 0.068 -0.046 0.033 0.070 -0.035 0.009 0.069 -0.032 
triangle -0.117 0.144 -0.033 -0.132 0.151 -0.033 -0.127 0.171 -0.039 
triangle -0.100 0.243 -0.025 -0.086 0.229 -0.032 -0.105 0.220 -0.037 
triangle -0.059 0.077 -0.036 -0.078 0.068 -0.032 -0.061 0.068 -0.044 
triangle 0.073 0.175 -0.034 0.050 0.202 -0.038 0.079 0.189 -0.018 
triangle 0.008 0.077 -0.026 -0.059 0.077 -0.036 0.009 0.069 -0.032 
triangle -0.121 0.196 -0.037 -0.127 0.171 -0.039 -0.131 0.203 -0.033 
triangle -0.046 0.367 -0.022 -0.033 0.375 -0.045 -0.055 0.363 -0.018 
triangle -0.046 0.367 -0.022 -0.032 0.366 -0.039 -0.033 0.375 -0.045 
triangle -0.072 0.158 -0.042 -0.065 0.110 -0.021 -0.073 0.146 -0.035 
triangle -0.056 0.361 -0.028 -0.055 0.363 -0.018 -0.033 0.375 -0.045 
triangle 0.033 0.070 -0.035 0.024 0.069 -0.022 0.009 0.069 -0.032 
triangle 0.080 0.138 -0.021 0.060 0.122 -0.039 0.064 0.153 -0.039 
triangle -0.077 0.092 -0.045 -0.089 0.081 -0.043 -0.083 0.099 -0.021 
triangle -0.105 0.220 -0.037 -0.131 0.203 -0.033 -0.136 0.233 -0.018 
triangle -0.013 0.245 -0.023 -0.005 0.226 -0.039 -0.031 0.214 -0.044 
triangle 0.076 0.122 -0.020 0.060 0.122 -0.039 0.080 0.138 -0.021 
triangle 0.083 0.157 -0.014 0.080 0.138 -0.021 0.064 0.153 -0.039 
triangle 0.064 0.153 -0.039 0.073 0.175 -0.034 0.081 0.172 -0.025 
triangle -0.042 0.230 -0.033 -0.013 0.245 -0.023 -0.031 0.214 -0.044 
triangle -0.097 0.067 -0.026 -0.089 0.081 -0.043 -0.088 0.070 -0.053 
triangle -0.073 0.146 -0.035 -0.077 0.120 -0.024 -0.086 0.142 -0.035 
triangle -0.057 0.099 -0.047 -0.077 0.092 -0.045 -0.066 0.103 -0.021 
triangle 0.010 0.229 -0.040 -0.005 0.226 -0.039 0.018 0.241 -0.028 
triangle -0.073 0.327 -0.003 -0.029 0.344 -0.036 -0.032 0.366 -0.039 
triangle -0.076 0.320 -0.026 -0.046 0.344 -0.041 -0.037 0.332 -0.037 
triangle 0.083 0.157 -0.014 0.064 0.153 -0.039 0.081 0.172 -0.025 
triangle -0.126 0.286 -0.012 -0.126 0.302 -0.054 -0.123 0.317 -0.050 
triangle -0.131 0.203 -0.033 -0.147 0.167 -0.032 -0.152 0.189 -0.027 
triangle -0.050 0.315 -0.021 -0.037 0.332 -0.037 -0.020 0.333 -0.043 
triangle -0.076 0.320 -0.026 -0.079 0.335 -0.024 -0.046 0.344 -0.041 
triangle 0.010 0.229 -0.040 0.050 0.228 -0.022 0.031 0.212 -0.038 
triangle 0.018 0.241 -0.028 0.050 0.228 -0.022 0.010 0.229 -0.040 
triangle -0.105 0.220 -0.037 -0.136 0.233 -0.018 -0.100 0.243 -0.025 
triangle -0.077 0.092 -0.045 -0.083 0.099 -0.021 -0.066 0.103 -0.021 
triangle 0.079 0.189 -0.018 0.050 0.202 -0.038 0.074 0.204 -0.020 
triangle -0.097 0.141 -0.030 -0.108 0.130 -0.019 -0.117 0.144 -0.033 
triangle -0.065 0.110 -0.021 -0.077 0.120 -0.024 -0.073 0.146 -0.035 
triangle -0.146 0.286 -0.015 -0.134 0.293 -0.046 -0.135 0.284 -0.021 
triangle 0.050 0.228 -0.022 0.050 0.202 -0.038 0.031 0.212 -0.038 
triangle -0.078 0.067 -0.060 -0.078 0.068 -0.032 -0.085 0.068 -0.011 
triangle -0.033 0.320 -0.019 -0.050 0.315 -0.021 -0.020 0.333 -0.043 
triangle -0.100 0.243 -0.025 -0.081 0.249 -0.020 -0.086 0.229 -0.032 
triangle -0.077 0.120 -0.024 -0.097 0.141 -0.030 -0.086 0.142 -0.035 
triangle -0.033 0.320 -0.019 -0.020 0.333 -0.043 -0.023 0.330 -0.028 
triangle -0.126 0.302 -0.054 -0.126 0.286 -0.012 -0.134 0.293 -0.046 
triangle 0.060 0.111 -0.033 0.060 0.122 -0.039 0.076 0.122 -0.020 
triangle -0.047 0.358 -0.040 -0.082 0.344 -0.015 -0.056 0.361 -0.028 
triangle -0.097 0.067 -0.026 -0.093 0.085 -0.024 -0.089 0.081 -0.043 
triangle -0.131 0.126 -0.006 -0.132 0.151 -0.033 -0.117 0.144 -0.033 
triangle -0.086 0.229 -0.032 -0.081 0.249 -0.020 -0.071 0.230 -0.031 
triangle 0.008 0.077 -0.026 0.009 0.069 -0.032 0.024 0.069 -0.022 
triangle -0.071 0.230 -0.031 -0.029 0.249 -0.012 -0.042 0.230 -0.033 
triangle -0.078 0.068 -0.032 -0.059 0.077 -0.036 -0.075 0.077 -0.014 
triangle 0.008 0.077 -0.026 0.011 0.079 -0.015 -0.059 0.077 -0.036 
triangle -0.148 0.146 -0.016 -0.147 0.167 -0.032 -0.132 0.151 -0.033 
triangle -0.147 0.228 -0.015 -0.131 0.203 -0.033 -0.152 0.189 -0.027 
triangle -0.082 0.344 -0.015 -0.047 0.358 -0.040 -0.079 0.335 -0.024 
triangle 0.045 0.092 -0.040 0.055 0.099 -0.039 0.065 0.100 -0.015 
triangle -0.088 0.070 -0.053 -0.078 0.067 -0.060 -0.097 0.067 -0.026 
triangle -0.089 0.081 -0.043 -0.093 0.085 -0.024 -0.083 0.099 -0.021 
triangle -0.147 0.167 -0.032 -0.166 0.166 -0.009 -0.152 0.189 -0.027 
triangle 0.050 0.202 -0.038 0.050 0.228 -0.022 0.074 0.204 -0.020 
triangle -0.157 0.319 -0.044 -0.150 0.307 -0.038 -0.153 0.307 -0.016 
triangle 0.065 0.100 -0.015 0.055 0.099 -0.039 0.060 0.111 -0.033 
triangle -0.136 0.233 -0.018 -0.131 0.203 -0.033 -0.147 0.228 -0.015 
triangle -0.150 0.307 -0.038 -0.150 0.302 -0.055 -0.153 0.307 -0.016 
triangle -0.077 0.120 -0.024 -0.083 0.099 -0.021 -0.097 0.141 -0.030 
triangle 0.073 0.175 -0.034 0.079 0.189 -0.018 0.081 0.172 -0.025 
triangle 0.065 0.100 -0.015 0.060 0.111 -0.033 0.076 0.122 -0.020 
triangle 0.043 0.244 -0.010 0.050 0.228 -0.022 0.018 0.241 -0.028 
triangle -0.136 0.233 -0.018 -0.119 0.243 -0.018 -0.100 0.243 -0.025 
triangle 0.008 0.077 -0.026 0.024 0.069 -0.022 0.011 0.079 -0.015 
triangle -0.073 0.327 -0.003 -0.023 0.330 -0.028 -0.029 0.344 -0.036 
triangle -0.127 0.303 -0.010 -0.126 0.286 -0.012 -0.123 0.317 -0.050 
triangle -0.150 0.302 -0.055 -0.154 0.295 -0.010 -0.153 0.307 -0.016 
triangle -0.066 0.103 -0.021 -0.077 0.120 -0.024 -0.065 0.110 -0.021 
triangle -0.131 0.067 -0.015 -0.093 0.085 -0.024 -0.097 0.067 -0.026 
triangle -0.127 0.303 -0.010 -0.131 0.326 -0.040 -0.141 0.313 -0.000 
triangle -0.042 0.230 -0.033 -0.029 0.249 -0.012 -0.013 0.245 -0.023 
triangle -0.108 0.130 -0.019 -0.131 0.126 -0.006 -0.117 0.144 -0.033 
triangle -0.148 0.146 -0.016 -0.166 0.166 -0.009 -0.147 0.167 -0.032 
triangle -0.131 0.126 -0.006 -0.148 0.146 -0.016 -0.132 0.151 -0.033 
triangle -0.037 0.332 -0.037 -0.102 0.288 0.001 -0.076 0.320 -0.026 
triangle -0.077 0.120 -0.024 -0.066 0.103 -0.021 -0.083 0.099 -0.021 
triangle -0.126 0.286 -0.012 -0.135 0.284 -0.021 -0.134 0.293 -0.046 
triangle 0.066 0.222 -0.013 0.074 0.204 -0.020 0.050 0.228 -0.022 
triangle -0.005 0.226 -0.039 -0.013 0.245 -0.023 0.018 0.241 -0.028 
triangle -0.071 0.230 -0.031 -0.060 0.244 -0.012 -0.029 0.249 -0.012 
triangle -0.100 0.243 -0.025 -0.119 0.243 -0.018 -0.101 0.257 -0.008 
triangle -0.166 0.166 -0.009 -0.148 0.146 -0.016 -0.159 0.150 -0.008 
triangle -0.153 0.307 -0.016 -0.150 0.316 -0.012 -0.157 0.319 -0.044 
triangle -0.147 0.228 -0.015 -0.152 0.189 -0.027 -0.165 0.206 -0.009 
triangle -0.083 0.099 -0.021 -0.107 0.104 -0.013 -0.097 0.141 -0.030 
triangle -0.076 0.320 -0.026 -0.110 0.301 -0.004 -0.079 0.335 -0.024 
triangle -0.053 0.319 -0.000 -0.023 0.330 -0.028 -0.073 0.327 -0.003 
triangle -0.153 0.307 -0.016 -0.155 0.306 -0.002 -0.150 0.316 -0.012 
triangle -0.102 0.288 0.001 -0.110 0.301 -0.004 -0.076 0.320 -0.026 
triangle -0.055 0.363 -0.018 -0.056 0.361 -0.028 -0.082 0.344 -0.015 
triangle -0.083 0.099 -0.021 -0.093 0.085 -0.024 -0.107 0.104 -0.013 
triangle -0.078 0.067 -0.060 -0.085 0.068 -0.011 -0.097 0.067 -0.026 
triangle -0.097 0.141 -0.030 -0.107 0.104 -0.013 -0.108 0.130 -0.019 
triangle 0.024 0.069 -0.022 0.033 0.070 -0.035 0.041 0.069 0.001 
triangle -0.136 0.233 -0.018 -0.150 0.255 -0.017 -0.136 0.279 -0.016 
triangle -0.013 0.245 -0.023 -0.029 0.249 -0.012 -0.013 0.253 -0.015 
triangle -0.119 0.243 -0.018 -0.136 0.233 -0.018 -0.136 0.279 -0.016 
triangle -0.135 0.284 -0.021 -0.136 0.279 -0.016 -0.146 0.286 -0.015 
triangle -0.136 0.233 -0.018 -0.147 0.228 -0.015 -0.150 0.255 -0.017 
triangle -0.119 0.243 -0.018 -0.136 0.279 -0.016 -0.116 0.269 -0.012 
triangle 0.048 0.080 -0.011 0.045 0.092 -0.040 0.065 0.100 -0.015 
triangle 0.081 0.120 -0.009 0.065 0.100 -0.015 0.076 0.122 -0.020 
triangle -0.079 0.333 0.006 -0.032 0.366 -0.039 -0.046 0.367 -0.022 
triangle -0.079 0.335 -0.024 -0.119 0.311 0.003 -0.082 0.344 -0.015 
triangle -0.081 0.249 -0.020 -0.060 0.244 -0.012 -0.071 0.230 -0.031 
triangle -0.131 0.067 -0.015 -0.134 0.079 -0.012 -0.093 0.085 -0.024 
triangle 0.033 0.070 -0.035 0.045 0.092 -0.040 0.041 0.069 0.001 
triangle -0.107 0.104 -0.013 -0.093 0.085 -0.024 -0.114 0.092 -0.010 
triangle 0.043 0.244 -0.010 0.066 0.222 -0.013 0.050 0.228 -0.022 
triangle 0.041 0.069 0.001 0.045 0.092 -0.040 0.048 0.080 -0.011 
triangle -0.079 0.335 -0.024 -0.110 0.301 -0.004 -0.119 0.311 0.003 
triangle -0.126 0.286 -0.012 -0.136 0.279 -0.016 -0.135 0.284 -0.021 
triangle -0.114 0.092 -0.010 -0.093 0.085 -0.024 -0.134 0.079 -0.012 
triangle -0.050 0.315 -0.021 -0.102 0.288 0.001 -0.037 0.332 -0.037 
triangle -0.059 0.077 -0.036 0.011 0.079 -0.015 -0.051 0.076 0.026 
triangle -0.136 0.279 -0.016 -0.150 0.255 -0.017 -0.146 0.286 -0.015 
triangle -0.078 0.068 -0.032 -0.075 0.077 -0.014 -0.085 0.068 -0.011 
triangle -0.152 0.189 -0.027 -0.166 0.166 -0.009 -0.169 0.182 -0.009 
triangle -0.073 0.327 -0.003 -0.032 0.366 -0.039 -0.079 0.333 0.006 
triangle -0.119 0.243 -0.018 -0.116 0.269 -0.012 -0.101 0.257 -0.008 
triangle 0.018 0.241 -0.028 -0.013 0.245 -0.023 0.011 0.261 0.001 
triangle -0.126 0.286 -0.012 -0.116 0.269 -0.012 -0.136 0.279 -0.016 
triangle 0.102 0.121 -0.009 0.078 0.097 -0.013 0.065 0.100 -0.015 
triangle 0.018 0.241 -0.028 0.011 0.261 0.001 0.043 0.244 -0.010 
triangle -0.059 0.077 -0.036 -0.051 0.076 0.026 -0.075 0.077 -0.014 
triangle -0.033 0.320 -0.019 -0.023 0.330 -0.028 -0.053 0.319 -0.000 
triangle -0.100 0.243 -0.025 -0.101 0.257 -0.008 -0.081 0.249 -0.020 
triangle -0.147 0.228 -0.015 -0.173 0.249 -0.006 -0.150 0.255 -0.017 
triangle -0.169 0.182 -0.009 -0.165 0.206 -0.009 -0.152 0.189 -0.027 
triangle 0.081 0.120 -0.009 0.076 0.122 -0.020 0.080 0.138 -0.021 
triangle -0.146 0.286 -0.015 -0.150 0.255 -0.017 -0.161 0.275 -0.007 
triangle 0.102 0.121 -0.009 0.097 0.099 -0.007 0.078 0.097 -0.013 
triangle 0.078 0.097 -0.013 0.048 0.080 -0.011 0.065 0.100 -0.015 
triangle -0.033 0.320 -0.019 -0.064 0.308 -0.003 -0.050 0.315 -0.021 
triangle -0.144 0.070 -0.000 -0.134 0.079 -0.012 -0.131 0.067 -0.015 
triangle 0.097 0.099 -0.007 0.075 0.081 -0.003 0.078 0.097 -0.013 
triangle -0.165 0.206 -0.009 -0.164 0.222 -0.000 -0.147 0.228 -0.015 
triangle 0.081 0.120 -0.009 0.102 0.121 -0.009 0.065 0.100 -0.015 
triangle 0.079 0.189 -0.018 0.090 0.176 0.000 0.081 0.172 -0.025 
triangle 0.080 0.138 -0.021 0.083 0.157 -0.014 0.090 0.154 -0.000 
triangle -0.114 0.118 0.001 -0.131 0.126 -0.006 -0.108 0.130 -0.019 
triangle -0.127 0.303 -0.010 -0.119 0.291 -0.005 -0.126 0.286 -0.012 
triangle -0.134 0.079 -0.012 -0.137 0.087 0.003 -0.114 0.092 -0.010 
triangle -0.150 0.255 -0.017 -0.173 0.249 -0.006 -0.161 0.275 -0.007 
triangle -0.013 0.245 -0.023 -0.013 0.253 -0.015 0.011 0.261 0.001 
triangle -0.153 0.307 -0.016 -0.154 0.295 -0.010 -0.155 0.306 -0.002 
triangle 0.083 0.207 0.006 0.074 0.204 -0.020 0.066 0.222 -0.013 
triangle 0.065 0.236 0.009 0.066 0.222 -0.013 0.043 0.244 -0.010 
triangle -0.146 0.286 -0.015 -0.161 0.275 -0.007 -0.154 0.295 -0.010 
triangle -0.147 0.228 -0.015 -0.164 0.222 -0.000 -0.173 0.249 -0.006 
triangle 0.083 0.157 -0.014 0.081 0.172 -0.025 0.090 0.176 0.000 
triangle -0.108 0.130 -0.019 -0.107 0.104 -0.013 -0.114 0.118 0.001 
triangle -0.101 0.257 -0.008 -0.074 0.255 0.005 -0.081 0.249 -0.020 
triangle -0.029 0.249 -0.012 -0.018 0.258 0.002 -0.013 0.253 -0.015 
triangle 0.037 0.255 0.005 0.043 0.244 -0.010 0.011 0.261 0.001 
triangle 0.078 0.097 -0.013 0.075 0.081 -0.003 0.048 0.080 -0.011 
triangle -0.101 0.257 -0.008 -0.116 0.269 -0.012 -0.106 0.280 -0.001 
triangle -0.074 0.255 0.005 -0.060 0.244 -0.012 -0.081 0.249 -0.020 
triangle -0.064 0.308 -0.003 -0.102 0.288 0.001 -0.050 0.315 -0.021 
triangle -0.126 0.286 -0.012 -0.119 0.291 -0.005 -0.106 0.280 -0.001 
triangle -0.126 0.286 -0.012 -0.106 0.280 -0.001 -0.116 0.269 -0.012 
triangle 0.102 0.121 -0.009 0.117 0.120 0.007 0.097 0.099 -0.007 
triangle -0.060 0.244 -0.012 -0.056 0.250 0.008 -0.029 0.249 -0.012 
triangle -0.137 0.087 0.003 -0.134 0.079 -0.012 -0.144 0.070 -0.000 
triangle -0.119 0.311 0.003 -0.117 0.316 0.009 -0.082 0.344 -0.015 
triangle -0.053 0.319 -0.000 -0.064 0.308 -0.003 -0.033 0.320 -0.019 
triangle -0.075 0.077 -0.014 -0.067 0.067 0.018 -0.085 0.068 -0.011 
triangle -0.055 0.363 -0.018 -0.082 0.344 -0.015 -0.117 0.316 0.009 
triangle 0.011 0.079 -0.015 0.024 0.069 -0.022 0.004 0.068 0.009 
triangle 0.090 0.154 -0.000 0.081 0.120 -0.009 0.080 0.138 -0.021 
triangle -0.127 0.303 -0.010 -0.126 0.309 0.004 -0.119 0.291 -0.005 
triangle -0.101 0.257 -0.008 -0.093 0.259 0.006 -0.074 0.255 0.005 
triangle 0.074 0.204 -0.020 0.083 0.207 0.006 0.079 0.189 -0.018 
triangle -0.114 0.092 -0.010 -0.118 0.097 0.007 -0.107 0.104 -0.013 
triangle -0.110 0.301 -0.004 -0.106 0.280 -0.001 -0.119 0.291 -0.005 
triangle 0.024 0.069 -0.022 0.041 0.069 0.001 0.004 0.068 0.009 
triangle -0.169 0.182 -0.009 -0.176 0.194 0.010 -0.165 0.206 -0.009 
triangle -0.055 0.363 -0.018 -0.079 0.333 0.006 -0.046 0.367 -0.022 
triangle -0.119 0.311 0.003 -0.110 0.301 -0.004 -0.119 0.291 -0.005 
triangle -0.117 0.316 0.009 -0.094 0.334 0.005 -0.055 0.363 -0.018 
triangle -0.166 0.166 -0.009 -0.159 0.150 -0.008 -0.168 0.155 0.010 
triangle -0.029 0.249 -0.012 -0.056 0.250 0.008 -0.018 0.258 0.002 
triangle -0.146 0.311 0.009 -0.150 0.316 -0.012 -0.155 0.306 -0.002 
triangle -0.173 0.249 -0.006 -0.177 0.270 0.008 -0.161 0.275 -0.007 
triangle -0.110 0.301 -0.004 -0.102 0.288 0.001 -0.106 0.280 -0.001 
triangle 0.090 0.154 -0.000 0.094 0.144 0.010 0.081 0.120 -0.009 
triangle -0.148 0.146 -0.016 -0.131 0.126 -0.006 -0.159 0.150 -0.008 
triangle 0.048 0.080 -0.011 0.075 0.081 -0.003 0.041 0.069 0.001 
triangle -0.064 0.308 -0.003 -0.093 0.291 0.012 -0.102 0.288 0.001 
triangle -0.107 0.104 -0.013 -0.118 0.097 0.007 -0.114 0.118 0.001 
triangle -0.126 0.309 0.004 -0.119 0.311 0.003 -0.119 0.291 -0.005 
triangle -0.097 0.067 -0.026 -0.085 0.068 -0.011 -0.131 0.067 -0.015 
triangle 0.108 0.101 0.003 0.097 0.099 -0.007 0.117 0.120 0.007 
triangle 0.090 0.176 0.000 0.090 0.154 -0.000 0.083 0.157 -0.014 
triangle -0.173 0.249 -0.006 -0.164 0.222 -0.000 -0.185 0.232 0.018 
triangle -0.006 0.077 0.012 0.011 0.079 -0.015 0.004 0.068 0.009 
triangle -0.137 0.087 0.003 -0.118 0.097 0.007 -0.114 0.092 -0.010 
triangle 0.083 0.207 0.006 0.066 0.222 -0.013 0.065 0.236 0.009 
triangle -0.159 0.150 -0.008 -0.131 0.126 -0.006 -0.152 0.136 0.010 
triangle 0.083 0.207 0.006 0.090 0.176 0.000 0.079 0.189 -0.018 
triangle 0.075 0.081 -0.003 0.097 0.099 -0.007 0.090 0.083 0.009 
triangle 0.081 0.120 -0.009 0.094 0.144 0.010 0.102 0.121 -0.009 
triangle -0.169 0.182 -0.009 -0.166 0.166 -0.009 -0.178 0.176 0.014 
triangle -0.161 0.275 -0.007 -0.170 0.301 0.012 -0.154 0.295 -0.010 
triangle -0.161 0.275 -0.007 -0.169 0.289 0.010 -0.170 0.301 0.012 
triangle -0.161 0.275 -0.007 -0.177 0.270 0.008 -0.169 0.289 0.010 
triangle -0.165 0.206 -0.009 -0.171 0.219 0.013 -0.164 0.222 -0.000 
triangle -0.092 0.308 0.017 -0.064 0.308 -0.003 -0.053 0.319 -0.000 
triangle -0.146 0.311 0.009 -0.141 0.313 -0.000 -0.150 0.316 -0.012 
triangle 0.102 0.121 -0.009 0.114 0.138 0.006 0.117 0.120 0.007 
triangle -0.139 0.122 0.024 -0.131 0.126 -0.006 -0.114 0.118 0.001 
triangle -0.154 0.295 -0.010 -0.170 0.301 0.012 -0.155 0.306 -0.002 
triangle -0.106 0.280 -0.001 -0.093 0.259 0.006 -0.101 0.257 -0.008 
triangle 0.065 0.236 0.009 0.043 0.244 -0.010 0.037 0.255 0.005 
triangle -0.018 0.258 0.002 0.011 0.261 0.001 -0.013 0.253 -0.015 
triangle -0.079 0.333 0.006 -0.055 0.363 -0.018 -0.094 0.334 0.005 
triangle -0.166 0.166 -0.009 -0.168 0.155 0.010 -0.178 0.176 0.014 
triangle 0.041 0.069 0.001 0.075 0.081 -0.003 0.067 0.070 0.019 
triangle 0.011 0.079 -0.015 -0.006 0.077 0.012 -0.051 0.076 0.026 
triangle -0.126 0.309 0.004 -0.117 0.316 0.009 -0.119 0.311 0.003 
triangle -0.085 0.068 -0.011 -0.098 0.067 0.009 -0.131 0.067 -0.015 
triangle -0.144 0.070 -0.000 -0.131 0.067 -0.015 -0.140 0.069 0.024 
triangle -0.092 0.308 0.017 -0.053 0.319 -0.000 -0.073 0.327 -0.003 
triangle -0.176 0.194 0.010 -0.171 0.219 0.013 -0.165 0.206 -0.009 
triangle -0.127 0.303 -0.010 -0.141 0.313 -0.000 -0.126 0.309 0.004 
triangle 0.075 0.081 -0.003 0.090 0.083 0.009 0.067 0.070 0.019 
triangle -0.173 0.249 -0.006 -0.185 0.257 0.019 -0.177 0.270 0.008 
triangle -0.092 0.308 0.017 -0.073 0.327 -0.003 -0.079 0.333 0.006 
triangle 0.102 0.121 -0.009 0.094 0.144 0.010 0.114 0.138 0.006 
triangle -0.085 0.068 -0.011 -0.067 0.067 0.018 -0.098 0.067 0.009 
triangle -0.051 0.076 0.026 -0.067 0.067 0.018 -0.075 0.077 -0.014 
triangle -0.092 0.308 0.017 -0.093 0.291 0.012 -0.064 0.308 -0.003 
triangle -0.106 0.280 -0.001 -0.102 0.288 0.001 -0.093 0.291 0.012 
triangle -0.146 0.073 0.015 -0.137 0.087 0.003 -0.144 0.070 -0.000 
triangle -0.185 0.232 0.018 -0.185 0.257 0.019 -0.173 0.249 -0.006 
triangle 0.090 0.083 0.009 0.097 0.099 -0.007 0.108 0.101 0.003 
triangle -0.126 0.309 0.004 -0.141 0.313 -0.000 -0.146 0.311 0.009 
triangle -0.099 0.287 0.019 -0.093 0.259 0.006 -0.106 0.280 -0.001 
triangle 0.083 0.207 0.006 0.091 0.189 0.015 0.090 0.176 0.000 
triangle -0.060 0.244 -0.012 -0.074 0.255 0.005 -0.056 0.250 0.008 
triangle -0.146 0.073 0.015 -0.144 0.070 -0.000 -0.140 0.069 0.024 
triangle -0.117 0.316 0.009 -0.119 0.312 0.017 -0.094 0.334 0.005 
triangle 0.123 0.123 0.022 0.117 0.120 0.007 0.114 0.138 0.006 
triangle 0.004 0.068 0.009 0.041 0.069 0.001 0.035 0.072 0.011 
triangle -0.099 0.287 0.019 -0.106 0.280 -0.001 -0.093 0.291 0.012 
triangle 0.090 0.176 0.000 0.094 0.144 0.010 0.090 0.154 -0.000 
triangle 0.090 0.083 0.009 0.108 0.101 0.003 0.115 0.101 0.020 
triangle -0.074 0.255 0.005 -0.093 0.259 0.006 -0.088 0.259 0.020 
triangle -0.168 0.155 0.010 -0.159 0.150 -0.008 -0.152 0.136 0.010 
triangle -0.137 0.087 0.003 -0.135 0.088 0.016 -0.118 0.097 0.007 
triangle -0.131 0.067 -0.015 -0.098 0.067 0.009 -0.110 0.067 0.030 
triangle -0.139 0.122 0.024 -0.114 0.118 0.001 -0.114 0.115 0.014 
triangle -0.185 0.232 0.018 -0.164 0.222 -0.000 -0.171 0.219 0.013 
triangle -0.152 0.136 0.010 -0.131 0.126 -0.006 -0.139 0.122 0.024 
triangle -0.131 0.067 -0.015 -0.110 0.067 0.030 -0.124 0.069 0.039 
triangle 0.011 0.261 0.001 -0.018 0.258 0.002 -0.025 0.259 0.028 
triangle -0.114 0.118 0.001 -0.118 0.097 0.007 -0.114 0.097 0.018 
triangle 0.037 0.255 0.005 0.011 0.261 0.001 0.021 0.262 0.032 
triangle -0.146 0.073 0.015 -0.135 0.088 0.016 -0.137 0.087 0.003 
triangle -0.098 0.067 0.009 -0.067 0.067 0.018 -0.090 0.071 0.018 
triangle -0.119 0.312 0.017 -0.117 0.316 0.009 -0.126 0.309 0.004 
triangle 0.115 0.101 0.020 0.108 0.101 0.003 0.117 0.120 0.007 
triangle -0.018 0.258 0.002 -0.056 0.250 0.008 -0.025 0.259 0.028 
triangle -0.131 0.067 -0.015 -0.124 0.069 0.039 -0.140 0.069 0.024 
triangle 0.094 0.144 0.010 0.112 0.146 0.019 0.114 0.138 0.006 
triangle 0.118 0.140 0.025 0.123 0.123 0.022 0.114 0.138 0.006 
triangle -0.114 0.118 0.001 -0.114 0.097 0.018 -0.114 0.115 0.014 
triangle -0.098 0.067 0.009 -0.090 0.071 0.018 -0.110 0.067 0.030 
triangle -0.152 0.136 0.010 -0.161 0.143 0.031 -0.168 0.155 0.010 
triangle -0.176 0.194 0.010 -0.179 0.202 0.031 -0.171 0.219 0.013 
triangle -0.097 0.273 0.031 -0.093 0.259 0.006 -0.099 0.287 0.019 
triangle 0.112 0.146 0.019 0.118 0.140 0.025 0.114 0.138 0.006 
triangle -0.178 0.176 0.014 -0.176 0.194 0.010 -0.169 0.182 -0.009 
triangle -0.146 0.311 0.009 -0.155 0.306 -0.002 -0.169 0.309 0.036 
triangle -0.109 0.311 0.024 -0.094 0.334 0.005 -0.119 0.312 0.017 
triangle 0.079 0.216 0.026 0.091 0.189 0.015 0.083 0.207 0.006 
triangle -0.170 0.301 0.012 -0.169 0.289 0.010 -0.183 0.299 0.029 
triangle 0.004 0.068 0.009 0.035 0.072 0.011 0.004 0.068 0.030 
triangle 0.083 0.207 0.006 0.065 0.236 0.009 0.079 0.216 0.026 
triangle 0.011 0.261 0.001 -0.025 0.259 0.028 0.004 0.264 0.032 
triangle -0.171 0.219 0.013 -0.179 0.202 0.031 -0.174 0.217 0.030 
triangle -0.101 0.299 0.026 -0.099 0.287 0.019 -0.093 0.291 0.012 
triangle -0.135 0.088 0.016 -0.114 0.097 0.018 -0.118 0.097 0.007 
triangle 0.011 0.261 0.001 0.004 0.264 0.032 0.021 0.262 0.032 
triangle -0.109 0.311 0.024 -0.079 0.333 0.006 -0.094 0.334 0.005 
triangle 0.115 0.101 0.020 0.117 0.120 0.007 0.123 0.123 0.022 
triangle -0.177 0.270 0.008 -0.182 0.272 0.034 -0.169 0.289 0.010 
triangle -0.101 0.299 0.026 -0.093 0.291 0.012 -0.092 0.308 0.017 
triangle -0.168 0.155 0.010 -0.161 0.143 0.031 -0.172 0.160 0.031 
triangle -0.101 0.299 0.026 -0.092 0.308 0.017 -0.079 0.333 0.006 
triangle -0.097 0.273 0.031 -0.088 0.259 0.020 -0.093 0.259 0.006 
triangle 0.041 0.069 0.001 0.045 0.071 0.036 0.035 0.072 0.011 
triangle 0.094 0.147 0.032 0.090 0.176 0.000 0.091 0.189 0.015 
triangle 0.094 0.144 0.010 0.090 0.176 0.000 0.094 0.147 0.032 
triangle -0.054 0.251 0.033 -0.025 0.259 0.028 -0.056 0.250 0.008 
triangle -0.178 0.176 0.014 -0.179 0.202 0.031 -0.176 0.194 0.010 
triangle 0.041 0.069 0.001 0.067 0.070 0.019 0.045 0.071 0.036 
triangle -0.135 0.088 0.016 -0.146 0.073 0.015 -0.140 0.069 0.024 
triangle -0.054 0.251 0.033 -0.074 0.255 0.005 -0.088 0.259 0.020 
triangle -0.079 0.333 0.006 -0.109 0.311 0.024 -0.101 0.299 0.026 
triangle -0.177 0.270 0.008 -0.185 0.257 0.019 -0.182 0.272 0.034 
triangle -0.147 0.130 0.035 -0.152 0.136 0.010 -0.139 0.122 0.024 
triangle -0.006 0.077 0.012 0.004 0.068 0.009 -0.006 0.077 0.039 
triangle -0.056 0.250 0.008 -0.074 0.255 0.005 -0.054 0.251 0.033 
triangle 0.090 0.083 0.009 0.115 0.101 0.020 0.102 0.089 0.036 
triangle 0.112 0.146 0.019 0.094 0.144 0.010 0.094 0.147 0.032 
triangle -0.161 0.143 0.031 -0.152 0.136 0.010 -0.147 0.130 0.035 
triangle -0.090 0.071 0.018 -0.067 0.067 0.018 -0.072 0.071 0.028 
triangle 0.044 0.252 0.041 0.065 0.236 0.009 0.037 0.255 0.005 
triangle -0.168 0.155 0.010 -0.172 0.160 0.031 -0.178 0.176 0.014 
triangle -0.183 0.299 0.029 -0.169 0.289 0.010 -0.183 0.284 0.033 
triangle 0.121 0.132 0.033 0.123 0.123 0.022 0.118 0.140 0.025 
triangle 0.088 0.191 0.043 0.091 0.189 0.015 0.079 0.216 0.026 
triangle -0.114 0.115 0.014 -0.100 0.110 0.031 -0.139 0.122 0.024 
triangle -0.067 0.067 0.018 -0.051 0.076 0.026 -0.061 0.068 0.034 
triangle -0.114 0.115 0.014 -0.114 0.097 0.018 -0.100 0.097 0.034 
triangle -0.171 0.219 0.013 -0.174 0.217 0.030 -0.183 0.227 0.035 
triangle -0.067 0.067 0.018 -0.061 0.068 0.034 -0.072 0.071 0.028 
triangle -0.054 0.251 0.033 -0.088 0.259 0.020 -0.086 0.256 0.034 
triangle -0.051 0.076 0.026 -0.006 0.077 0.012 -0.006 0.077 0.039 
triangle 0.090 0.083 0.009 0.102 0.089 0.036 0.067 0.070 0.019 
triangle -0.006 0.077 0.039 0.004 0.068 0.009 0.004 0.068 0.030 
triangle -0.183 0.284 0.033 -0.169 0.289 0.010 -0.182 0.272 0.034 
triangle 0.037 0.255 0.005 0.021 0.262 0.032 0.044 0.252 0.041 
triangle -0.183 0.299 0.029 -0.155 0.306 -0.002 -0.170 0.301 0.012 
triangle -0.185 0.232 0.018 -0.171 0.219 0.013 -0.183 0.227 0.035 
triangle -0.114 0.115 0.014 -0.100 0.097 0.034 -0.100 0.110 0.031 
triangle -0.126 0.309 0.004 -0.146 0.311 0.009 -0.119 0.312 0.017 
triangle 0.118 0.140 0.025 0.112 0.146 0.019 0.108 0.146 0.040 
triangle -0.131 0.313 0.051 -0.109 0.311 0.024 -0.119 0.312 0.017 
triangle -0.185 0.232 0.018 -0.189 0.255 0.042 -0.185 0.257 0.019 
triangle -0.169 0.309 0.036 -0.155 0.306 -0.002 -0.183 0.299 0.029 
triangle -0.178 0.176 0.014 -0.172 0.160 0.031 -0.172 0.170 0.046 
triangle 0.045 0.071 0.036 0.004 0.068 0.030 0.035 0.072 0.011 
triangle -0.086 0.256 0.034 -0.088 0.259 0.020 -0.097 0.273 0.031 
triangle 0.094 0.147 0.032 0.091 0.189 0.015 0.088 0.191 0.043 
triangle -0.114 0.097 0.018 -0.135 0.088 0.016 -0.118 0.080 0.040 
triangle 0.112 0.146 0.019 0.094 0.147 0.032 0.108 0.146 0.040 
triangle -0.106 0.088 0.038 -0.100 0.097 0.034 -0.114 0.097 0.018 
triangle -0.075 0.250 0.049 -0.054 0.251 0.033 -0.086 0.256 0.034 
triangle -0.090 0.071 0.018 -0.072 0.071 0.028 -0.073 0.069 0.063 
triangle -0.114 0.097 0.018 -0.118 0.080 0.040 -0.106 0.088 0.038 
triangle -0.110 0.067 0.030 -0.090 0.071 0.018 -0.073 0.069 0.063 
triangle -0.105 0.114 0.041 -0.139 0.122 0.024 -0.100 0.110 0.031 
triangle 0.116 0.108 0.043 0.115 0.101 0.020 0.123 0.123 0.022 
triangle -0.147 0.130 0.035 -0.139 0.122 0.024 -0.132 0.128 0.055 
triangle -0.140 0.069 0.024 -0.124 0.069 0.039 -0.135 0.088 0.016 
triangle -0.185 0.257 0.019 -0.189 0.255 0.042 -0.182 0.272 0.034 
triangle -0.179 0.202 0.031 -0.178 0.176 0.014 -0.179 0.183 0.045 
triangle -0.135 0.088 0.016 -0.124 0.069 0.039 -0.118 0.080 0.040 
triangle 0.079 0.216 0.026 0.065 0.236 0.009 0.063 0.235 0.047 
triangle -0.179 0.183 0.045 -0.178 0.176 0.014 -0.172 0.170 0.046 
triangle 0.045 0.071 0.036 0.067 0.070 0.019 0.043 0.070 0.047 
triangle -0.131 0.313 0.051 -0.146 0.311 0.009 -0.169 0.309 0.036 
triangle 0.116 0.133 0.048 0.118 0.140 0.025 0.108 0.146 0.040 
triangle 0.108 0.146 0.040 0.094 0.147 0.032 0.090 0.140 0.047 
triangle 0.067 0.070 0.019 0.078 0.081 0.051 0.043 0.070 0.047 
triangle 0.004 0.068 0.030 0.045 0.071 0.036 0.019 0.070 0.053 
triangle 0.118 0.140 0.025 0.116 0.133 0.048 0.121 0.132 0.033 
triangle -0.014 0.258 0.052 0.004 0.264 0.032 -0.025 0.259 0.028 
triangle -0.111 0.307 0.058 -0.101 0.299 0.026 -0.109 0.311 0.024 
triangle 0.063 0.235 0.047 0.065 0.236 0.009 0.044 0.252 0.041 
triangle -0.185 0.232 0.018 -0.188 0.240 0.045 -0.189 0.255 0.042 
triangle 0.067 0.070 0.019 0.102 0.089 0.036 0.078 0.081 0.051 
triangle -0.183 0.227 0.035 -0.188 0.240 0.045 -0.185 0.232 0.018 
triangle -0.119 0.312 0.017 -0.146 0.311 0.009 -0.131 0.313 0.051 
triangle 0.116 0.108 0.043 0.102 0.089 0.036 0.115 0.101 0.020 
triangle 0.121 0.132 0.033 0.116 0.108 0.043 0.123 0.123 0.022 
triangle -0.105 0.114 0.041 -0.100 0.110 0.031 -0.100 0.097 0.034 
triangle -0.014 0.258 0.052 -0.025 0.259 0.028 -0.054 0.251 0.033 
triangle -0.132 0.128 0.055 -0.139 0.122 0.024 -0.105 0.114 0.041 
triangle -0.172 0.160 0.031 -0.161 0.143 0.031 -0.154 0.144 0.055 
triangle -0.180 0.283 0.059 -0.183 0.299 0.029 -0.183 0.284 0.033 
triangle -0.182 0.272 0.034 -0.180 0.283 0.059 -0.183 0.284 0.033 
triangle 0.079 0.216 0.026 0.076 0.213 0.052 0.088 0.191 0.043 
triangle -0.154 0.308 0.057 -0.131 0.313 0.051 -0.169 0.309 0.036 
triangle -0.097 0.273 0.031 -0.099 0.287 0.019 -0.108 0.279 0.057 
triangle -0.169 0.309 0.036 -0.183 0.299 0.029 -0.178 0.300 0.052 
triangle -0.111 0.307 0.058 -0.109 0.311 0.024 -0.131 0.313 0.051 
triangle -0.169 0.212 0.050 -0.167 0.222 0.058 -0.174 0.217 0.030 
triangle 0.004 0.068 0.030 0.019 0.070 0.053 -0.006 0.077 0.039 
triangle 0.116 0.108 0.043 0.100 0.094 0.048 0.102 0.089 0.036 
triangle 0.102 0.089 0.036 0.100 0.094 0.048 0.078 0.081 0.051 
triangle -0.188 0.240 0.045 -0.183 0.227 0.035 -0.182 0.233 0.055 
triangle 0.019 0.070 0.053 0.045 0.071 0.036 0.043 0.070 0.047 
triangle -0.172 0.160 0.031 -0.154 0.144 0.055 -0.172 0.170 0.046 
triangle -0.183 0.227 0.035 -0.174 0.217 0.030 -0.182 0.233 0.055 
triangle 0.024 0.256 0.054 0.044 0.252 0.041 0.021 0.262 0.032 
triangle 0.088 0.168 0.052 0.094 0.147 0.032 0.088 0.191 0.043 
triangle 0.043 0.070 0.047 0.078 0.081 0.051 0.063 0.079 0.053 
triangle -0.182 0.272 0.034 -0.178 0.274 0.054 -0.180 0.283 0.059 
triangle 0.024 0.256 0.054 0.021 0.262 0.032 0.004 0.264 0.032 
triangle -0.182 0.233 0.055 -0.174 0.217 0.030 -0.167 0.222 0.058 
triangle -0.174 0.217 0.030 -0.179 0.202 0.031 -0.169 0.212 0.050 
triangle 0.116 0.133 0.048 0.108 0.146 0.040 0.103 0.137 0.053 
triangle -0.089 0.249 0.046 -0.075 0.250 0.049 -0.086 0.256 0.034 
triangle -0.161 0.143 0.031 -0.147 0.130 0.035 -0.154 0.144 0.055 
triangle -0.133 0.070 0.058 -0.118 0.080 0.040 -0.124 0.069 0.039 
triangle -0.118 0.080 0.040 -0.128 0.085 0.056 -0.106 0.088 0.038 
triangle 0.116 0.108 0.043 0.121 0.132 0.033 0.116 0.133 0.048 
triangle 0.076 0.213 0.052 0.079 0.216 0.026 0.063 0.235 0.047 
triangle -0.106 0.088 0.038 -0.106 0.100 0.059 -0.100 0.097 0.034 
triangle -0.111 0.307 0.058 -0.099 0.287 0.019 -0.101 0.299 0.026 
triangle -0.108 0.279 0.057 -0.086 0.256 0.034 -0.097 0.273 0.031 
triangle -0.073 0.069 0.063 -0.072 0.071 0.028 -0.061 0.068 0.034 
triangle -0.100 0.097 0.034 -0.106 0.100 0.059 -0.105 0.114 0.041 
triangle 0.024 0.256 0.054 0.004 0.264 0.032 -0.014 0.258 0.052 
triangle -0.170 0.303 0.060 -0.154 0.308 0.057 -0.169 0.309 0.036 
triangle 0.019 0.070 0.053 0.017 0.078 0.064 -0.006 0.077 0.039 
triangle -0.183 0.299 0.029 -0.180 0.283 0.059 -0.178 0.300 0.052 
triangle -0.179 0.202 0.031 -0.179 0.183 0.045 -0.169 0.212 0.050 
triangle 0.103 0.137 0.053 0.108 0.146 0.040 0.090 0.140 0.047 
triangle 0.108 0.112 0.055 0.116 0.108 0.043 0.116 0.133 0.048 
triangle 0.019 0.070 0.053 0.043 0.070 0.047 0.019 0.070 0.073 
triangle -0.170 0.303 0.060 -0.169 0.309 0.036 -0.178 0.300 0.052 
triangle -0.032 0.243 0.068 -0.014 0.258 0.052 -0.054 0.251 0.033 
triangle -0.118 0.080 0.040 -0.133 0.070 0.058 -0.128 0.085 0.056 
triangle -0.172 0.170 0.046 -0.154 0.144 0.055 -0.167 0.163 0.058 
triangle 0.090 0.140 0.047 0.094 0.147 0.032 0.088 0.168 0.052 
triangle -0.154 0.144 0.055 -0.147 0.130 0.035 -0.132 0.128 0.055 
triangle 0.043 0.070 0.047 0.063 0.079 0.053 0.053 0.080 0.062 
triangle 0.100 0.094 0.048 0.116 0.108 0.043 0.108 0.112 0.055 
triangle -0.128 0.085 0.056 -0.106 0.100 0.059 -0.106 0.088 0.038 
triangle -0.089 0.249 0.046 -0.086 0.256 0.034 -0.108 0.279 0.057 
triangle -0.105 0.114 0.041 -0.103 0.125 0.065 -0.132 0.128 0.055 
triangle -0.188 0.240 0.045 -0.184 0.256 0.064 -0.189 0.255 0.042 
triangle -0.182 0.272 0.034 -0.189 0.255 0.042 -0.178 0.274 0.054 
triangle -0.051 0.076 0.026 -0.006 0.077 0.039 -0.061 0.077 0.071 
triangle -0.124 0.069 0.039 -0.110 0.067 0.030 -0.079 0.070 0.085 
triangle 0.063 0.235 0.047 0.044 0.252 0.041 0.039 0.241 0.066 
triangle -0.032 0.243 0.068 -0.054 0.251 0.033 -0.055 0.239 0.059 
triangle -0.111 0.307 0.058 -0.108 0.279 0.057 -0.099 0.287 0.019 
triangle 0.076 0.213 0.052 0.063 0.235 0.047 0.058 0.230 0.063 
triangle -0.103 0.125 0.065 -0.105 0.114 0.041 -0.102 0.110 0.064 
triangle -0.169 0.212 0.050 -0.154 0.216 0.072 -0.167 0.222 0.058 
triangle 0.073 0.186 0.075 0.088 0.191 0.043 0.076 0.213 0.052 
triangle -0.054 0.251 0.033 -0.075 0.250 0.049 -0.073 0.239 0.060 
triangle -0.188 0.240 0.045 -0.182 0.233 0.055 -0.184 0.256 0.064 
triangle -0.061 0.068 0.034 -0.051 0.076 0.026 -0.061 0.077 0.071 
triangle -0.055 0.239 0.059 -0.054 0.251 0.033 -0.073 0.239 0.060 
triangle -0.124 0.069 0.039 -0.079 0.070 0.085 -0.133 0.070 0.058 
triangle -0.179 0.183 0.045 -0.165 0.195 0.064 -0.169 0.212 0.050 
triangle -0.099 0.259 0.062 -0.096 0.238 0.061 -0.089 0.249 0.046 
triangle -0.105 0.114 0.041 -0.106 0.100 0.059 -0.102 0.110 0.064 
triangle 0.039 0.241 0.066 0.044 0.252 0.041 0.024 0.256 0.054 
triangle 0.100 0.094 0.048 0.086 0.099 0.066 0.078 0.081 0.051 
triangle 0.096 0.120 0.063 0.116 0.133 0.048 0.103 0.137 0.053 
triangle 0.100 0.094 0.048 0.108 0.112 0.055 0.086 0.099 0.066 
triangle 0.058 0.230 0.063 0.063 0.235 0.047 0.039 0.241 0.066 
triangle -0.061 0.068 0.034 -0.061 0.077 0.071 -0.073 0.069 0.063 
triangle -0.089 0.249 0.046 -0.108 0.279 0.057 -0.099 0.259 0.062 
triangle -0.075 0.250 0.049 -0.089 0.249 0.046 -0.073 0.239 0.060 
triangle 0.096 0.120 0.063 0.108 0.112 0.055 0.116 0.133 0.048 
triangle 0.088 0.191 0.043 0.073 0.186 0.075 0.088 0.168 0.052 
triangle 0.019 0.248 0.068 0.024 0.256 0.054 -0.014 0.258 0.052 
triangle -0.179 0.183 0.045 -0.172 0.170 0.046 -0.167 0.163 0.058 
triangle 0.019 0.070 0.053 0.019 0.070 0.073 0.017 0.078 0.064 
triangle -0.110 0.067 0.030 -0.073 0.069 0.063 -0.079 0.070 0.085 
triangle -0.179 0.183 0.045 -0.167 0.163 0.058 -0.152 0.179 0.079 
triangle -0.179 0.183 0.045 -0.152 0.179 0.079 -0.165 0.195 0.064 
triangle 0.096 0.120 0.063 0.103 0.137 0.053 0.090 0.140 0.047 
triangle 0.088 0.168 0.052 0.077 0.154 0.070 0.090 0.140 0.047 
triangle -0.118 0.299 0.071 -0.108 0.279 0.057 -0.111 0.307 0.058 
triangle -0.169 0.212 0.050 -0.165 0.195 0.064 -0.150 0.210 0.073 
triangle 0.080 0.119 0.062 0.096 0.120 0.063 0.090 0.140 0.047 
triangle 0.039 0.241 0.066 0.024 0.256 0.054 0.019 0.248 0.068 
triangle 0.077 0.154 0.070 0.088 0.168 0.052 0.073 0.186 0.075 
triangle -0.169 0.212 0.050 -0.150 0.210 0.073 -0.154 0.216 0.072 
triangle 0.096 0.120 0.063 0.086 0.099 0.066 0.108 0.112 0.055 
triangle 0.063 0.079 0.053 0.078 0.081 0.051 0.086 0.099 0.066 
triangle -0.189 0.255 0.042 -0.184 0.256 0.064 -0.178 0.274 0.054 
triangle -0.016 0.242 0.074 -0.014 0.258 0.052 -0.032 0.243 0.068 
triangle 0.086 0.099 0.066 0.067 0.097 0.063 0.063 0.079 0.053 
triangle -0.096 0.238 0.061 -0.073 0.239 0.060 -0.089 0.249 0.046 
triangle 0.053 0.080 0.062 0.063 0.079 0.053 0.067 0.097 0.063 
triangle -0.128 0.085 0.056 -0.127 0.091 0.071 -0.106 0.100 0.059 
triangle -0.180 0.265 0.080 -0.180 0.283 0.059 -0.178 0.274 0.054 
triangle -0.142 0.145 0.071 -0.154 0.144 0.055 -0.132 0.128 0.055 
triangle -0.133 0.070 0.058 -0.134 0.073 0.071 -0.128 0.085 0.056 
triangle 0.080 0.119 0.062 0.090 0.140 0.047 0.077 0.154 0.070 
triangle -0.182 0.233 0.055 -0.182 0.226 0.075 -0.187 0.242 0.082 
triangle -0.016 0.242 0.074 0.019 0.248 0.068 -0.014 0.258 0.052 
triangle -0.071 0.225 0.070 -0.055 0.239 0.059 -0.073 0.239 0.060 
triangle -0.129 0.303 0.074 -0.111 0.307 0.058 -0.131 0.313 0.051 
triangle -0.152 0.179 0.079 -0.167 0.163 0.058 -0.156 0.168 0.074 
triangle -0.124 0.275 0.072 -0.108 0.279 0.057 -0.118 0.299 0.071 
triangle -0.182 0.233 0.055 -0.187 0.242 0.082 -0.184 0.256 0.064 
triangle 0.080 0.119 0.062 0.067 0.097 0.063 0.086 0.099 0.066 
triangle -0.134 0.073 0.071 -0.127 0.091 0.071 -0.128 0.085 0.056 
triangle -0.167 0.163 0.058 -0.154 0.144 0.055 -0.156 0.168 0.074 
triangle 0.086 0.099 0.066 0.096 0.120 0.063 0.080 0.119 0.062 
triangle -0.102 0.110 0.064 -0.106 0.100 0.059 -0.099 0.101 0.071 
triangle -0.006 0.077 0.039 0.017 0.078 0.064 -0.028 0.079 0.079 
triangle -0.182 0.233 0.055 -0.167 0.222 0.058 -0.182 0.226 0.075 
triangle 0.058 0.230 0.063 0.055 0.217 0.075 0.076 0.213 0.052 
triangle 0.055 0.217 0.075 0.073 0.186 0.075 0.076 0.213 0.052 
triangle -0.150 0.210 0.073 -0.165 0.195 0.064 -0.145 0.194 0.081 
triangle -0.132 0.128 0.055 -0.103 0.125 0.065 -0.121 0.146 0.081 
triangle -0.103 0.125 0.065 -0.102 0.110 0.064 -0.099 0.101 0.071 
triangle 0.070 0.123 0.078 0.080 0.119 0.062 0.077 0.154 0.070 
triangle -0.118 0.299 0.071 -0.111 0.307 0.058 -0.129 0.303 0.074 
triangle -0.133 0.070 0.058 -0.079 0.070 0.085 -0.120 0.069 0.090 
triangle -0.073 0.069 0.063 -0.061 0.077 0.071 -0.059 0.070 0.084 
triangle 0.067 0.097 0.063 0.080 0.119 0.062 0.070 0.123 0.078 
triangle -0.178 0.300 0.052 -0.175 0.282 0.079 -0.170 0.303 0.060 
triangle -0.178 0.300 0.052 -0.180 0.283 0.059 -0.180 0.265 0.080 
triangle 0.067 0.097 0.063 0.036 0.074 0.087 0.053 0.080 0.062 
triangle -0.142 0.145 0.071 -0.132 0.128 0.055 -0.121 0.146 0.081 
triangle -0.154 0.144 0.055 -0.142 0.145 0.071 -0.156 0.168 0.074 
triangle -0.108 0.279 0.057 -0.114 0.251 0.081 -0.099 0.259 0.062 
triangle -0.073 0.239 0.060 -0.088 0.212 0.081 -0.071 0.225 0.070 
triangle -0.178 0.274 0.054 -0.184 0.256 0.064 -0.180 0.265 0.080 
triangle -0.096 0.238 0.061 -0.088 0.212 0.081 -0.073 0.239 0.060 
triangle -0.159 0.294 0.083 -0.154 0.308 0.057 -0.170 0.303 0.060 
triangle -0.096 0.238 0.061 -0.099 0.259 0.062 -0.114 0.251 0.081 
triangle -0.124 0.275 0.072 -0.114 0.251 0.081 -0.108 0.279 0.057 
triangle -0.006 0.077 0.039 -0.028 0.079 0.079 -0.061 0.077 0.071 
triangle -0.152 0.179 0.079 -0.145 0.194 0.081 -0.165 0.195 0.064 
triangle -0.110 0.228 0.071 -0.102 0.219 0.077 -0.096 0.238 0.061 
triangle -0.103 0.125 0.065 -0.099 0.101 0.071 -0.086 0.134 0.083 
triangle -0.129 0.303 0.074 -0.131 0.313 0.051 -0.154 0.308 0.057 
triangle 0.036 0.074 0.087 0.067 0.097 0.063 0.057 0.097 0.073 
triangle 0.037 0.218 0.080 0.058 0.230 0.063 0.039 0.241 0.066 
triangle -0.178 0.300 0.052 -0.180 0.265 0.080 -0.175 0.282 0.079 
triangle -0.184 0.256 0.064 -0.187 0.242 0.082 -0.180 0.265 0.080 
triangle 0.057 0.097 0.073 0.067 0.097 0.063 0.070 0.123 0.078 
triangle -0.055 0.218 0.078 -0.032 0.243 0.068 -0.055 0.239 0.059 
triangle 0.055 0.217 0.075 0.058 0.230 0.063 0.037 0.218 0.080 
triangle 0.043 0.070 0.047 0.053 0.080 0.062 0.034 0.070 0.083 
triangle -0.129 0.303 0.074 -0.154 0.308 0.057 -0.159 0.294 0.083 
triangle 0.002 0.232 0.081 0.019 0.248 0.068 -0.016 0.242 0.074 
triangle -0.055 0.218 0.078 -0.055 0.239 0.059 -0.071 0.225 0.070 
triangle -0.110 0.228 0.071 -0.123 0.229 0.075 -0.133 0.220 0.076 
triangle 0.019 0.070 0.073 -0.028 0.079 0.079 0.017 0.078 0.064 
triangle -0.096 0.238 0.061 -0.102 0.219 0.077 -0.088 0.212 0.081 
triangle -0.088 0.212 0.081 -0.080 0.198 0.084 -0.071 0.225 0.070 
triangle -0.056 0.108 0.072 -0.054 0.129 0.076 -0.073 0.108 0.077 
triangle 0.056 0.205 0.080 0.073 0.186 0.075 0.055 0.217 0.075 
triangle 0.066 0.169 0.084 0.077 0.154 0.070 0.073 0.186 0.075 
triangle 0.036 0.074 0.087 0.034 0.070 0.083 0.053 0.080 0.062 
triangle -0.110 0.228 0.071 -0.096 0.238 0.061 -0.114 0.251 0.081 
triangle 0.039 0.241 0.066 0.024 0.220 0.080 0.037 0.218 0.080 
triangle 0.019 0.248 0.068 0.024 0.220 0.080 0.039 0.241 0.066 
triangle -0.133 0.220 0.076 -0.102 0.219 0.077 -0.110 0.228 0.071 
triangle 0.002 0.232 0.081 0.024 0.220 0.080 0.019 0.248 0.068 
triangle -0.101 0.151 0.086 -0.121 0.146 0.081 -0.103 0.125 0.065 
triangle -0.175 0.282 0.079 -0.159 0.294 0.083 -0.170 0.303 0.060 
triangle -0.124 0.275 0.072 -0.118 0.299 0.071 -0.129 0.303 0.074 
triangle -0.167 0.222 0.058 -0.154 0.216 0.072 -0.182 0.226 0.075 
triangle -0.073 0.108 0.077 -0.054 0.129 0.076 -0.061 0.160 0.083 
triangle -0.101 0.151 0.086 -0.103 0.125 0.065 -0.095 0.148 0.084 
triangle -0.134 0.073 0.071 -0.133 0.070 0.058 -0.129 0.071 0.084 
triangle -0.154 0.216 0.072 -0.150 0.210 0.073 -0.133 0.220 0.076 
triangle -0.123 0.247 0.087 -0.123 0.229 0.075 -0.110 0.228 0.071 
triangle -0.096 0.096 0.080 -0.086 0.102 0.078 -0.099 0.101 0.071 
triangle 0.053 0.121 0.088 0.057 0.097 0.073 0.070 0.123 0.078 
triangle -0.123 0.247 0.087 -0.114 0.251 0.081 -0.124 0.275 0.072 
triangle -0.073 0.108 0.077 -0.066 0.101 0.077 -0.056 0.108 0.072 
triangle -0.103 0.125 0.065 -0.086 0.134 0.083 -0.095 0.148 0.084 
triangle 0.019 0.070 0.073 0.043 0.070 0.047 0.034 0.070 0.083 
triangle -0.059 0.202 0.086 -0.055 0.218 0.078 -0.071 0.225 0.070 
triangle 0.037 0.218 0.080 0.056 0.205 0.080 0.055 0.217 0.075 
triangle 0.053 0.121 0.088 0.070 0.123 0.078 0.077 0.154 0.070 
triangle -0.073 0.069 0.063 -0.059 0.070 0.084 -0.079 0.070 0.085 
triangle -0.086 0.134 0.083 -0.099 0.101 0.071 -0.086 0.102 0.078 
triangle -0.080 0.198 0.084 -0.059 0.202 0.086 -0.071 0.225 0.070 
triangle -0.134 0.073 0.071 -0.129 0.071 0.084 -0.127 0.091 0.071 
triangle -0.129 0.199 0.085 -0.133 0.220 0.076 -0.150 0.210 0.073 
triangle -0.111 0.202 0.085 -0.102 0.219 0.077 -0.133 0.220 0.076 
triangle -0.127 0.091 0.071 -0.117 0.089 0.089 -0.106 0.100 0.059 
triangle -0.129 0.071 0.084 -0.117 0.089 0.089 -0.127 0.091 0.071 
triangle 0.053 0.121 0.088 0.077 0.154 0.070 0.055 0.141 0.087 
triangle -0.099 0.101 0.071 -0.106 0.100 0.059 -0.117 0.089 0.089 
triangle -0.028 0.079 0.079 0.019 0.070 0.073 -0.036 0.069 0.090 
triangle -0.073 0.108 0.077 -0.086 0.102 0.078 -0.066 0.101 0.077 
triangle -0.028 0.079 0.079 -0.036 0.069 0.090 -0.061 0.077 0.071 
triangle -0.086 0.134 0.083 -0.086 0.102 0.078 -0.073 0.108 0.077 
triangle -0.073 0.108 0.077 -0.061 0.160 0.083 -0.074 0.125 0.082 
triangle -0.086 0.102 0.078 -0.077 0.086 0.083 -0.066 0.101 0.077 
triangle -0.086 0.134 0.083 -0.073 0.108 0.077 -0.074 0.125 0.082 
triangle -0.114 0.251 0.081 -0.123 0.247 0.087 -0.110 0.228 0.071 
triangle -0.006 0.217 0.088 0.024 0.220 0.080 0.002 0.232 0.081 
triangle -0.032 0.243 0.068 -0.036 0.217 0.084 -0.016 0.242 0.074 
triangle -0.055 0.218 0.078 -0.036 0.217 0.084 -0.032 0.243 0.068 
triangle -0.036 0.069 0.090 -0.059 0.070 0.084 -0.061 0.077 0.071 
triangle -0.145 0.194 0.081 -0.129 0.199 0.085 -0.150 0.210 0.073 
triangle -0.154 0.216 0.072 -0.133 0.220 0.076 -0.139 0.225 0.097 
triangle -0.098 0.193 0.088 -0.088 0.212 0.081 -0.102 0.219 0.077 
triangle -0.129 0.303 0.074 -0.137 0.265 0.096 -0.124 0.275 0.072 
triangle -0.137 0.265 0.096 -0.123 0.247 0.087 -0.124 0.275 0.072 
triangle -0.182 0.226 0.075 -0.154 0.216 0.072 -0.174 0.226 0.089 
triangle -0.096 0.096 0.080 -0.077 0.086 0.083 -0.086 0.102 0.078 
triangle 0.041 0.112 0.096 0.057 0.097 0.073 0.053 0.121 0.088 
triangle 0.041 0.112 0.096 0.034 0.096 0.087 0.057 0.097 0.073 
triangle -0.133 0.070 0.058 -0.120 0.069 0.090 -0.129 0.071 0.084 
triangle 0.055 0.141 0.087 0.077 0.154 0.070 0.066 0.169 0.084 
triangle -0.036 0.069 0.090 0.019 0.070 0.073 0.034 0.070 0.083 
triangle -0.142 0.145 0.071 -0.131 0.172 0.090 -0.156 0.168 0.074 
triangle -0.036 0.217 0.084 -0.006 0.217 0.088 -0.016 0.242 0.074 
triangle -0.059 0.202 0.086 -0.036 0.217 0.084 -0.055 0.218 0.078 
triangle 0.056 0.205 0.080 0.056 0.185 0.088 0.073 0.186 0.075 
triangle -0.074 0.125 0.082 -0.061 0.160 0.083 -0.065 0.168 0.084 
triangle -0.174 0.226 0.089 -0.154 0.216 0.072 -0.159 0.223 0.093 
triangle 0.024 0.220 0.080 0.036 0.205 0.093 0.037 0.218 0.080 
triangle -0.156 0.168 0.074 -0.131 0.172 0.090 -0.152 0.179 0.079 
triangle -0.131 0.172 0.090 -0.142 0.145 0.071 -0.121 0.146 0.081 
triangle -0.117 0.089 0.089 -0.096 0.096 0.080 -0.099 0.101 0.071 
triangle -0.154 0.216 0.072 -0.139 0.225 0.097 -0.159 0.223 0.093 
triangle -0.095 0.087 0.088 -0.077 0.086 0.083 -0.096 0.096 0.080 
triangle -0.129 0.199 0.085 -0.111 0.202 0.085 -0.133 0.220 0.076 
triangle -0.074 0.125 0.082 -0.065 0.168 0.084 -0.086 0.134 0.083 
triangle 0.056 0.185 0.088 0.066 0.169 0.084 0.073 0.186 0.075 
triangle -0.077 0.086 0.083 -0.068 0.084 0.099 -0.066 0.101 0.077 
triangle -0.145 0.194 0.081 -0.152 0.179 0.079 -0.129 0.199 0.085 
triangle 0.034 0.096 0.087 0.036 0.074 0.087 0.057 0.097 0.073 
triangle -0.088 0.212 0.081 -0.098 0.193 0.088 -0.080 0.198 0.084 
triangle -0.050 0.162 0.108 -0.061 0.160 0.083 -0.042 0.142 0.104 
triangle -0.111 0.202 0.085 -0.098 0.193 0.088 -0.102 0.219 0.077 
triangle -0.065 0.168 0.084 -0.061 0.160 0.083 -0.058 0.181 0.089 
triangle -0.095 0.148 0.084 -0.076 0.165 0.087 -0.084 0.173 0.085 
triangle -0.086 0.134 0.083 -0.065 0.168 0.084 -0.076 0.165 0.087 
triangle -0.006 0.217 0.088 0.002 0.232 0.081 -0.016 0.242 0.074 
triangle -0.095 0.148 0.084 -0.086 0.134 0.083 -0.076 0.165 0.087 
triangle -0.131 0.172 0.090 -0.121 0.146 0.081 -0.109 0.169 0.091 
triangle -0.084 0.173 0.085 -0.080 0.198 0.084 -0.098 0.193 0.088 
triangle -0.080 0.198 0.084 -0.084 0.173 0.085 -0.072 0.182 0.088 
triangle -0.095 0.173 0.090 -0.095 0.148 0.084 -0.084 0.173 0.085 
triangle -0.101 0.151 0.086 -0.095 0.148 0.084 -0.095 0.173 0.090 
triangle -0.025 0.203 0.088 -0.006 0.217 0.088 -0.036 0.217 0.084 
triangle -0.079 0.070 0.085 -0.077 0.086 0.083 -0.107 0.075 0.095 
triangle -0.175 0.282 0.079 -0.170 0.266 0.096 -0.159 0.294 0.083 
triangle -0.152 0.179 0.079 -0.131 0.172 0.090 -0.129 0.199 0.085 
triangle -0.061 0.160 0.083 -0.054 0.129 0.076 -0.042 0.142 0.104 
triangle 0.052 0.156 0.094 0.066 0.169 0.084 0.056 0.185 0.088 
triangle -0.072 0.182 0.088 -0.076 0.165 0.087 -0.065 0.168 0.084 
triangle -0.095 0.087 0.088 -0.107 0.075 0.095 -0.077 0.086 0.083 
triangle -0.072 0.182 0.088 -0.065 0.168 0.084 -0.058 0.181 0.089 
triangle -0.095 0.173 0.090 -0.084 0.173 0.085 -0.098 0.193 0.088 
triangle -0.139 0.225 0.097 -0.133 0.220 0.076 -0.123 0.229 0.075 
triangle -0.182 0.226 0.075 -0.174 0.226 0.089 -0.187 0.242 0.082 
triangle -0.076 0.165 0.087 -0.072 0.182 0.088 -0.084 0.173 0.085 
triangle -0.131 0.237 0.101 -0.123 0.229 0.075 -0.123 0.247 0.087 
triangle 0.036 0.205 0.093 0.056 0.185 0.088 0.056 0.205 0.080 
triangle 0.066 0.169 0.084 0.052 0.156 0.094 0.055 0.141 0.087 
triangle -0.054 0.129 0.076 -0.056 0.108 0.072 -0.043 0.102 0.090 
triangle -0.121 0.146 0.081 -0.101 0.151 0.086 -0.109 0.169 0.091 
triangle -0.109 0.169 0.091 -0.115 0.185 0.090 -0.131 0.172 0.090 
triangle -0.187 0.242 0.082 -0.170 0.266 0.096 -0.180 0.265 0.080 
triangle 0.024 0.220 0.080 -0.006 0.217 0.088 0.003 0.204 0.089 
triangle 0.036 0.205 0.093 0.056 0.205 0.080 0.037 0.218 0.080 
triangle -0.025 0.203 0.088 0.003 0.204 0.089 -0.006 0.217 0.088 
triangle -0.109 0.169 0.091 -0.095 0.173 0.090 -0.111 0.202 0.085 
triangle -0.129 0.199 0.085 -0.115 0.185 0.090 -0.111 0.202 0.085 
triangle -0.174 0.239 0.096 -0.187 0.242 0.082 -0.174 0.226 0.089 
triangle -0.158 0.279 0.095 -0.129 0.303 0.074 -0.159 0.294 0.083 
triangle -0.101 0.151 0.086 -0.095 0.173 0.090 -0.109 0.169 0.091 
triangle -0.080 0.198 0.084 -0.072 0.182 0.088 -0.059 0.202 0.086 
triangle -0.036 0.217 0.084 -0.051 0.189 0.090 -0.025 0.203 0.088 
triangle -0.111 0.202 0.085 -0.095 0.173 0.090 -0.098 0.193 0.088 
triangle -0.180 0.265 0.080 -0.170 0.266 0.096 -0.175 0.282 0.079 
triangle -0.096 0.096 0.080 -0.117 0.089 0.089 -0.095 0.087 0.088 
triangle -0.129 0.071 0.084 -0.120 0.069 0.090 -0.117 0.089 0.089 
triangle -0.056 0.108 0.072 -0.053 0.096 0.099 -0.043 0.102 0.090 
triangle -0.059 0.202 0.086 -0.051 0.189 0.090 -0.036 0.217 0.084 
triangle -0.072 0.182 0.088 -0.058 0.181 0.089 -0.051 0.189 0.090 
triangle -0.111 0.202 0.085 -0.115 0.185 0.090 -0.109 0.169 0.091 
triangle -0.072 0.182 0.088 -0.051 0.189 0.090 -0.059 0.202 0.086 
triangle -0.137 0.265 0.096 -0.136 0.247 0.106 -0.123 0.247 0.087 
triangle -0.059 0.070 0.084 -0.057 0.071 0.106 -0.079 0.070 0.085 
triangle -0.131 0.172 0.090 -0.115 0.185 0.090 -0.129 0.199 0.085 
triangle 0.003 0.204 0.089 0.015 0.197 0.098 0.024 0.220 0.080 
triangle 0.047 0.169 0.098 0.052 0.156 0.094 0.056 0.185 0.088 
triangle 0.036 0.074 0.087 0.034 0.096 0.087 0.014 0.086 0.091 
triangle -0.079 0.070 0.085 -0.107 0.075 0.095 -0.120 0.069 0.090 
triangle -0.141 0.282 0.092 -0.137 0.265 0.096 -0.129 0.303 0.074 
triangle -0.187 0.242 0.082 -0.174 0.239 0.096 -0.170 0.266 0.096 
triangle -0.066 0.101 0.077 -0.053 0.096 0.099 -0.056 0.108 0.072 
triangle -0.129 0.303 0.074 -0.158 0.279 0.095 -0.141 0.282 0.092 
triangle 0.036 0.205 0.093 0.047 0.169 0.098 0.056 0.185 0.088 
triangle 0.028 0.111 0.101 0.034 0.096 0.087 0.041 0.112 0.096 
triangle 0.015 0.197 0.098 0.036 0.205 0.093 0.024 0.220 0.080 
triangle -0.139 0.225 0.097 -0.123 0.229 0.075 -0.131 0.237 0.101 
triangle 0.039 0.130 0.098 0.053 0.121 0.088 0.055 0.141 0.087 
triangle -0.117 0.089 0.089 -0.107 0.075 0.095 -0.095 0.087 0.088 
triangle 0.034 0.070 0.083 0.036 0.074 0.087 -0.023 0.071 0.099 
triangle -0.159 0.294 0.083 -0.170 0.266 0.096 -0.158 0.279 0.095 
triangle 0.014 0.101 0.104 0.034 0.096 0.087 0.028 0.111 0.101 
triangle 0.014 0.086 0.091 -0.023 0.071 0.099 0.036 0.074 0.087 
triangle -0.151 0.231 0.103 -0.159 0.223 0.093 -0.139 0.225 0.097 
triangle -0.023 0.071 0.099 0.014 0.086 0.091 -0.005 0.090 0.094 
triangle -0.042 0.142 0.104 -0.054 0.129 0.076 -0.034 0.125 0.105 
triangle 0.039 0.130 0.098 0.041 0.112 0.096 0.053 0.121 0.088 
triangle -0.054 0.129 0.076 -0.043 0.102 0.090 -0.034 0.125 0.105 
triangle 0.014 0.101 0.104 0.014 0.086 0.091 0.034 0.096 0.087 
triangle -0.120 0.069 0.090 -0.107 0.075 0.095 -0.117 0.089 0.089 
triangle -0.059 0.070 0.084 -0.036 0.069 0.090 -0.057 0.071 0.106 
triangle -0.068 0.084 0.099 -0.053 0.096 0.099 -0.066 0.101 0.077 
triangle 0.039 0.130 0.098 0.055 0.141 0.087 0.052 0.156 0.094 
triangle -0.061 0.160 0.083 -0.050 0.162 0.108 -0.058 0.181 0.089 
triangle 0.037 0.186 0.096 0.047 0.169 0.098 0.036 0.205 0.093 
triangle -0.170 0.266 0.096 -0.174 0.239 0.096 -0.169 0.253 0.100 
triangle -0.136 0.247 0.106 -0.131 0.237 0.101 -0.123 0.247 0.087 
triangle -0.036 0.069 0.090 0.034 0.070 0.083 -0.023 0.071 0.099 
triangle -0.079 0.070 0.085 -0.068 0.084 0.099 -0.077 0.086 0.083 
triangle -0.174 0.239 0.096 -0.174 0.226 0.089 -0.159 0.223 0.093 
triangle -0.053 0.096 0.099 -0.031 0.097 0.097 -0.043 0.102 0.090 
triangle 0.036 0.205 0.093 0.015 0.197 0.098 0.037 0.186 0.096 
triangle -0.158 0.279 0.095 -0.154 0.262 0.107 -0.141 0.282 0.092 
triangle -0.025 0.203 0.088 -0.051 0.189 0.090 -0.035 0.189 0.107 
triangle -0.002 0.194 0.107 0.015 0.197 0.098 0.003 0.204 0.089 
triangle 0.028 0.111 0.101 0.041 0.112 0.096 0.039 0.130 0.098 
triangle -0.031 0.097 0.097 -0.034 0.125 0.105 -0.043 0.102 0.090 
triangle -0.174 0.239 0.096 -0.159 0.223 0.093 -0.169 0.253 0.100 
triangle -0.079 0.070 0.085 -0.057 0.071 0.106 -0.068 0.084 0.099 
triangle -0.002 0.194 0.107 0.003 0.204 0.089 -0.025 0.203 0.088 
triangle 0.018 0.118 0.105 0.028 0.111 0.101 0.039 0.130 0.098 
triangle -0.159 0.223 0.093 -0.160 0.250 0.104 -0.169 0.253 0.100 
triangle -0.154 0.262 0.107 -0.137 0.265 0.096 -0.141 0.282 0.092 
triangle -0.002 0.194 0.107 -0.025 0.203 0.088 -0.035 0.189 0.107 
triangle -0.003 0.105 0.109 -0.031 0.097 0.097 -0.005 0.090 0.094 
triangle -0.003 0.105 0.109 -0.005 0.090 0.094 0.014 0.086 0.091 
triangle 0.029 0.155 0.109 0.039 0.130 0.098 0.052 0.156 0.094 
triangle 0.037 0.186 0.096 0.015 0.197 0.098 0.026 0.180 0.107 
triangle -0.046 0.074 0.108 -0.023 0.071 0.099 -0.005 0.090 0.094 
triangle -0.159 0.223 0.093 -0.151 0.231 0.103 -0.160 0.250 0.104 
triangle -0.031 0.097 0.097 -0.047 0.088 0.108 -0.005 0.090 0.094 
triangle 0.029 0.155 0.109 0.052 0.156 0.094 0.047 0.169 0.098 
triangle -0.143 0.237 0.106 -0.139 0.225 0.097 -0.131 0.237 0.101 
triangle -0.154 0.262 0.107 -0.136 0.247 0.106 -0.137 0.265 0.096 
triangle -0.143 0.237 0.106 -0.151 0.231 0.103 -0.139 0.225 0.097 
triangle -0.003 0.105 0.109 0.014 0.086 0.091 0.014 0.101 0.104 
triangle -0.158 0.279 0.095 -0.170 0.266 0.096 -0.154 0.262 0.107 
triangle -0.057 0.071 0.106 -0.036 0.069 0.090 -0.023 0.071 0.099 
triangle -0.053 0.096 0.099 -0.068 0.084 0.099 -0.047 0.088 0.108 
triangle 0.029 0.155 0.109 0.025 0.132 0.107 0.039 0.130 0.098 
triangle -0.046 0.074 0.108 -0.005 0.090 0.094 -0.047 0.088 0.108 
triangle -0.034 0.125 0.105 -0.031 0.097 0.097 -0.018 0.121 0.111 
triangle -0.053 0.096 0.099 -0.047 0.088 0.108 -0.031 0.097 0.097 
triangle 0.018 0.118 0.105 0.039 0.130 0.098 0.025 0.132 0.107 
triangle -0.051 0.189 0.090 -0.058 0.181 0.089 -0.035 0.189 0.107 
triangle -0.170 0.266 0.096 -0.169 0.253 0.100 -0.154 0.262 0.107 
triangle 0.029 0.155 0.109 0.047 0.169 0.098 0.037 0.186 0.096 
triangle -0.018 0.121 0.111 -0.031 0.097 0.097 -0.003 0.105 0.109 
triangle -0.160 0.250 0.104 -0.154 0.262 0.107 -0.169 0.253 0.100 
triangle 0.026 0.180 0.107 0.016 0.156 0.112 0.037 0.186 0.096 
triangle -0.136 0.247 0.106 -0.143 0.237 0.106 -0.131 0.237 0.101 
triangle -0.023 0.071 0.099 -0.046 0.074 0.108 -0.057 0.071 0.106 
triangle 0.014 0.101 0.104 0.028 0.111 0.101 0.018 0.118 0.105 
triangle -0.154 0.262 0.107 -0.160 0.250 0.104 -0.136 0.247 0.106 
triangle -0.160 0.250 0.104 -0.151 0.231 0.103 -0.143 0.237 0.106 
triangle 0.015 0.197 0.098 -0.002 0.194 0.107 0.026 0.180 0.107 
triangle -0.057 0.071 0.106 -0.047 0.088 0.108 -0.068 0.084 0.099 
triangle 0.000 0.115 0.109 -0.003 0.105 0.109 0.014 0.101 0.104 
triangle 0.016 0.156 0.112 0.029 0.155 0.109 0.037 0.186 0.096 
triangle -0.143 0.237 0.106 -0.136 0.247 0.106 -0.160 0.250 0.104 
triangle -0.058 0.181 0.089 -0.038 0.172 0.114 -0.035 0.189 0.107 
triangle 0.000 0.115 0.109 0.014 0.101 0.104 0.018 0.118 0.105 
triangle 0.029 0.155 0.109 0.016 0.156 0.112 0.025 0.132 0.107 
triangle -0.018 0.121 0.111 -0.003 0.105 0.109 0.000 0.115 0.109 
triangle -0.058 0.181 0.089 -0.050 0.162 0.108 -0.038 0.172 0.114 
triangle 0.002 0.126 0.114 0.018 0.118 0.105 0.025 0.132 0.107 
triangle -0.057 0.071 0.106 -0.046 0.074 0.108 -0.047 0.088 0.108 
triangle 0.000 0.115 0.109 0.018 0.118 0.105 0.002 0.126 0.114 
triangle -0.034 0.125 0.105 -0.035 0.160 0.114 -0.042 0.142 0.104 
triangle -0.042 0.142 0.104 -0.035 0.160 0.114 -0.050 0.162 0.108 
triangle -0.018 0.121 0.111 0.000 0.115 0.109 0.002 0.126 0.114 
triangle -0.035 0.189 0.107 -0.019 0.183 0.113 -0.002 0.194 0.107 
triangle -0.034 0.125 0.105 -0.025 0.136 0.108 -0.035 0.160 0.114 
triangle -0.025 0.136 0.108 -0.034 0.125 0.105 -0.018 0.121 0.111 
triangle -0.035 0.160 0.114 -0.025 0.136 0.108 -0.007 0.149 0.118 
triangle -0.002 0.194 0.107 0.006 0.173 0.114 0.026 0.180 0.107 
triangle -0.004 0.137 0.113 0.025 0.132 0.107 0.016 0.156 0.112 
triangle -0.002 0.194 0.107 -0.019 0.183 0.113 0.006 0.173 0.114 
triangle -0.004 0.137 0.113 0.002 0.126 0.114 0.025 0.132 0.107 
triangle -0.018 0.121 0.111 -0.004 0.137 0.113 -0.025 0.136 0.108 
triangle -0.004 0.137 0.113 -0.018 0.121 0.111 0.002 0.126 0.114 
triangle -0.007 0.149 0.118 -0.004 0.137 0.113 0.005 0.156 0.113 
triangle 0.005 0.156 0.113 -0.004 0.137 0.113 0.016 0.156 0.112 
triangle -0.038 0.172 0.114 -0.019 0.183 0.113 -0.035 0.189 0.107 
triangle -0.050 0.162 0.108 -0.035 0.160 0.114 -0.038 0.172 0.114 
triangle 0.016 0.156 0.112 0.026 0.180 0.107 0.006 0.173 0.114 
triangle -0.038 0.172 0.114 -0.015 0.164 0.116 -0.019 0.183 0.113 
triangle -0.019 0.183 0.113 -0.015 0.164 0.116 0.006 0.173 0.114 
triangle -0.007 0.149 0.118 -0.025 0.136 0.108 -0.004 0.137 0.113 
triangle 0.005 0.156 0.113 0.016 0.156 0.112 0.006 0.173 0.114 
triangle -0.015 0.164 0.116 0.005 0.156 0.113 0.006 0.173 0.114 
triangle -0.038 0.172 0.114 -0.035 0.160 0.114 -0.015 0.164 0.116 
triangle -0.015 0.164 0.116 -0.007 0.149 0.118 0.005 0.156 0.113 
triangle -0.035 0.160 0.114 -0.007 0.149 0.118 -0.015 0.164 0.116 
