lookat 3 3 3 0 0 0 0 1 0
screen 189.0 10 30

triangle -1.000 -1.000 -1.000 -1.000 1.000 -1.000 1.000 1.000 -1.000 
triangle -1.000 -1.000 -1.000 1.000 1.000 -1.000 1.000 -1.000 -1.000 
triangle -1.000 -1.000 1.000 1.000 -1.000 1.000 1.000 1.000 1.000 
triangle -1.000 -1.000 1.000 1.000 1.000 1.000 -1.000 1.000 1.000 
triangle -1.000 -1.000 -1.000 1.000 -1.000 -1.000 1.000 -1.000 1.000 
triangle -1.000 -1.000 -1.000 1.000 -1.000 1.000 -1.000 -1.000 1.000 
triangle -1.000 1.000 -1.000 -1.000 1.000 1.000 1.000 1.000 1.000 
triangle -1.000 1.000 -1.000 1.000 1.000 1.000 1.000 1.000 -1.000 
triangle -1.000 -1.000 -1.000 -1.000 -1.000 1.000 -1.000 1.000 1.000 
triangle -1.000 -1.000 -1.000 -1.000 1.000 1.000 -1.000 1.000 -1.000 
triangle 1.000 -1.000 -1.000 1.000 1.000 -1.000 1.000 1.000 1.000 
triangle 1.000 -1.000 -1.000 1.000 1.000 1.000 1.000 -1.000 1.000 
