lookat 3 3 3 0 0 0 0 1 0
screen 189.0 10 50

triangle 0.352 3.554 0.187 -0.053 3.970 0.049 -0.213 3.784 0.156 
triangle -0.052 3.570 -0.396 -0.213 3.784 0.156 -0.053 3.970 0.049 
triangle 0.414 3.450 -0.317 -0.053 3.970 0.049 0.352 3.554 0.187 
triangle 0.352 3.554 0.187 -0.213 3.784 0.156 0.079 3.571 0.389 
triangle -0.052 3.570 -0.396 -0.330 3.538 -0.201 -0.213 3.784 0.156 
triangle 0.352 3.554 0.187 0.603 3.231 0.254 0.414 3.450 -0.317 
triangle -0.052 3.570 -0.396 -0.053 3.970 0.049 0.414 3.450 -0.317 
triangle -0.213 3.784 0.156 -0.510 3.109 0.495 0.079 3.571 0.389 
triangle 0.079 3.571 0.389 0.272 2.913 0.703 0.352 3.554 0.187 
triangle -0.052 3.570 -0.396 -0.443 2.993 -0.583 -0.330 3.538 -0.201 
triangle 0.272 2.913 0.703 0.079 3.571 0.389 -0.180 2.925 0.710 
triangle -0.052 3.570 -0.396 0.087 3.080 -0.644 -0.443 2.993 -0.583 
triangle -0.510 3.109 0.495 -0.180 2.925 0.710 0.079 3.571 0.389 
triangle 0.603 3.231 0.254 0.867 2.332 0.100 0.598 3.015 -0.295 
triangle 0.603 3.231 0.254 0.598 3.015 -0.295 0.414 3.450 -0.317 
triangle 0.352 3.554 0.187 0.272 2.913 0.703 0.603 3.231 0.254 
triangle 0.354 2.773 -0.629 0.087 3.080 -0.644 0.414 3.450 -0.317 
triangle 0.354 2.773 -0.629 0.414 3.450 -0.317 0.598 3.015 -0.295 
triangle -0.080 2.459 -0.789 -0.443 2.993 -0.583 0.087 3.080 -0.644 
triangle 0.528 2.281 0.589 0.603 3.231 0.254 0.272 2.913 0.703 
triangle 0.087 3.080 -0.644 0.354 2.773 -0.629 -0.080 2.459 -0.789 
triangle 0.867 2.332 0.100 0.603 3.231 0.254 0.528 2.281 0.589 
triangle -0.080 2.459 -0.789 0.354 2.773 -0.629 0.186 2.262 -0.775 
triangle -0.443 2.993 -0.583 -0.670 2.237 -0.410 -0.766 2.988 -0.045 
triangle 0.682 2.298 -0.473 0.354 2.773 -0.629 0.598 3.015 -0.295 
triangle 0.682 2.298 -0.473 0.186 2.262 -0.775 0.354 2.773 -0.629 
triangle 0.682 2.298 -0.473 0.598 3.015 -0.295 0.867 2.332 0.100 
triangle 0.682 2.298 -0.473 0.403 1.642 -0.690 0.186 2.262 -0.775 
triangle -0.766 2.988 -0.045 -0.800 1.366 -0.201 -0.778 2.150 0.259 
triangle -0.800 1.366 -0.201 -0.766 2.988 -0.045 -0.670 2.237 -0.410 
triangle -0.435 1.590 -0.733 -0.670 2.237 -0.410 -0.443 2.993 -0.583 
triangle -0.080 2.459 -0.789 -0.435 1.590 -0.733 -0.443 2.993 -0.583 
triangle -0.180 2.925 0.710 -0.179 1.839 0.816 0.272 2.913 0.703 
triangle -0.179 1.839 0.816 0.259 2.204 0.755 0.272 2.913 0.703 
triangle -0.080 2.459 -0.789 0.186 2.262 -0.775 0.025 0.969 -0.749 
triangle -0.510 3.109 0.495 -0.778 2.150 0.259 -0.535 1.948 0.606 
triangle -0.435 1.590 -0.733 -0.080 2.459 -0.789 0.025 0.969 -0.749 
triangle 0.403 1.642 -0.690 0.682 2.298 -0.473 0.700 0.902 -0.319 
triangle -0.435 1.590 -0.733 -0.800 1.366 -0.201 -0.670 2.237 -0.410 
triangle 0.528 2.281 0.589 0.582 1.376 0.564 0.867 2.332 0.100 
triangle -0.535 1.948 0.606 -0.778 2.150 0.259 -0.532 1.139 0.524 
triangle 0.867 2.332 0.100 0.695 0.835 0.155 0.700 0.902 -0.319 
triangle 0.259 2.204 0.755 -0.179 1.839 0.816 0.140 0.884 0.721 
triangle 0.140 0.884 0.721 0.582 1.376 0.564 0.259 2.204 0.755 
triangle -0.692 1.185 0.257 -0.532 1.139 0.524 -0.778 2.150 0.259 
triangle -0.800 1.366 -0.201 -0.435 1.590 -0.733 -0.433 -0.021 -0.387 
triangle -0.532 1.139 0.524 -0.179 1.839 0.816 -0.535 1.948 0.606 
triangle -0.247 0.306 0.590 0.140 0.884 0.721 -0.179 1.839 0.816 
triangle 0.403 1.642 -0.690 0.380 0.232 -0.488 0.025 0.969 -0.749 
triangle -0.800 1.366 -0.201 -0.433 -0.021 -0.387 -0.550 0.156 -0.073 
triangle -0.435 1.590 -0.733 0.025 0.969 -0.749 -0.027 -0.425 -0.486 
triangle -0.179 1.839 0.816 -0.532 1.139 0.524 -0.247 0.306 0.590 
triangle 0.397 0.188 0.436 0.582 1.376 0.564 0.140 0.884 0.721 
triangle 0.397 0.188 0.436 0.695 0.835 0.155 0.582 1.376 0.564 
triangle 0.397 0.188 0.436 0.501 -0.151 0.176 0.695 0.835 0.155 
triangle -0.247 0.306 0.590 0.131 -0.629 0.391 0.140 0.884 0.721 
triangle -0.433 -0.021 -0.387 -0.435 1.590 -0.733 -0.027 -0.425 -0.486 
triangle 0.380 0.232 -0.488 -0.027 -0.425 -0.486 0.025 0.969 -0.749 
triangle -0.027 -0.425 -0.486 -0.167 -1.359 -0.129 -0.433 -0.021 -0.387 
triangle -0.532 1.139 0.524 -0.501 -0.191 0.221 -0.247 0.306 0.590 
triangle 0.397 0.188 0.436 0.131 -0.629 0.391 0.268 -0.852 0.155 
triangle 0.438 -0.473 0.041 0.501 -0.151 0.176 -0.012 -1.901 0.043 
triangle -0.550 0.156 -0.073 -0.433 -0.021 -0.387 -0.167 -1.359 -0.129 
triangle -0.019 -2.282 0.029 -0.550 0.156 -0.073 -0.167 -1.359 -0.129 
triangle -0.247 0.306 0.590 -0.501 -0.191 0.221 -0.019 -2.282 0.029 
triangle 0.131 -0.629 0.391 -0.247 0.306 0.590 -0.019 -2.282 0.029 
triangle -0.019 -2.282 0.029 0.268 -0.852 0.155 0.131 -0.629 0.391 
triangle -0.027 -0.425 -0.486 0.068 -1.913 -0.074 -0.167 -1.359 -0.129 
triangle -0.167 -1.359 -0.129 0.068 -1.913 -0.074 -0.019 -2.282 0.029 
triangle -0.019 -2.282 0.029 0.068 -1.913 -0.074 -0.012 -1.901 0.043 
triangle 1.009 -3.656 -0.201 1.271 -2.518 0.177 0.988 -3.657 0.259 
triangle 1.009 -3.656 -0.201 1.229 -2.540 -0.356 1.271 -2.518 0.177 
triangle 1.229 -2.540 -0.356 1.009 -3.656 -0.201 0.821 -3.653 -0.601 
triangle 1.017 -3.001 0.576 0.795 -3.658 0.631 0.988 -3.657 0.259 
triangle 0.969 -2.706 -0.785 1.229 -2.540 -0.356 0.821 -3.653 -0.601 
triangle -0.116 -3.675 -1.066 0.477 -2.843 -1.141 0.516 -3.651 -0.899 
triangle 1.229 -2.540 -0.356 1.413 -1.313 0.014 1.271 -2.518 0.177 
triangle 1.229 -2.540 -0.356 1.337 -1.242 -0.541 1.413 -1.313 0.014 
triangle 1.017 -3.001 0.576 1.271 -2.518 0.177 1.289 -1.402 0.626 
triangle -0.408 -3.663 0.943 -0.196 -2.883 1.203 -0.805 -2.680 0.974 
triangle 0.923 -1.416 -1.111 0.969 -2.706 -0.785 0.477 -2.843 -1.141 
triangle 1.020 -1.170 0.975 0.601 -1.320 1.294 0.860 -2.398 0.982 
triangle -0.254 -2.894 -1.220 0.249 -1.518 -1.413 0.477 -2.843 -1.141 
triangle 1.337 -1.242 -0.541 1.456 -0.508 0.079 1.413 -1.313 0.014 
triangle 1.337 -1.242 -0.541 0.923 -1.416 -1.111 1.250 -0.404 -0.764 
triangle 0.601 -1.320 1.294 1.020 -1.170 0.975 0.898 -0.441 1.116 
triangle 1.250 -0.404 -0.764 1.456 -0.508 0.079 1.337 -1.242 -0.541 
triangle 1.231 -0.618 0.679 1.289 -1.402 0.626 1.456 -0.508 0.079 
triangle 0.860 -2.398 0.982 0.601 -1.320 1.294 0.336 -2.548 1.231 
triangle 1.309 -0.219 -0.357 1.456 -0.508 0.079 1.250 -0.404 -0.764 
triangle 1.456 -0.508 0.079 1.309 -0.219 -0.357 1.265 -0.303 0.568 
triangle 1.456 -0.508 0.079 1.265 -0.303 0.568 1.231 -0.618 0.679 
triangle 1.289 -1.402 0.626 1.231 -0.618 0.679 1.020 -1.170 0.975 
triangle 0.601 -1.320 1.294 0.008 -1.168 1.450 0.336 -2.548 1.231 
triangle -1.018 -3.649 -0.172 -1.317 -1.806 -0.520 -0.793 -3.663 -0.724 
triangle 1.231 -0.618 0.679 0.898 -0.441 1.116 1.020 -1.170 0.975 
triangle -0.607 -1.458 1.309 -0.805 -2.680 0.974 -0.196 -2.883 1.203 
triangle 0.614 -0.499 -1.309 1.250 -0.404 -0.764 0.923 -1.416 -1.111 
triangle -0.793 -3.663 -0.724 -1.317 -1.806 -0.520 -0.859 -2.589 -0.945 
triangle 0.636 -0.254 -1.228 1.309 -0.219 -0.357 1.250 -0.404 -0.764 
triangle 0.614 -0.499 -1.309 0.923 -1.416 -1.111 0.249 -1.518 -1.413 
triangle -1.186 -1.110 0.856 -0.805 -2.680 0.974 -0.607 -1.458 1.309 
triangle -0.362 -1.372 -1.365 -0.254 -2.894 -1.220 -0.853 -1.448 -1.148 
triangle 0.636 -0.254 -1.228 1.250 -0.404 -0.764 0.614 -0.499 -1.309 
triangle 0.249 -1.518 -1.413 -0.102 -0.415 -1.441 0.614 -0.499 -1.309 
triangle 0.614 -0.499 -1.309 -0.102 -0.415 -1.441 0.636 -0.254 -1.228 
triangle 0.249 -1.518 -1.413 -0.362 -1.372 -1.365 -0.102 -0.415 -1.441 
triangle 0.259 -0.357 1.414 0.008 -1.168 1.450 0.601 -1.320 1.294 
triangle 0.008 -1.168 1.450 0.259 -0.357 1.414 -0.399 -0.444 1.343 
triangle -0.399 -0.444 1.343 -0.607 -1.458 1.309 0.008 -1.168 1.450 
triangle -1.186 -1.110 0.856 -0.607 -1.458 1.309 -0.862 -0.426 1.126 
triangle -1.225 -2.743 -0.043 -1.203 -2.450 0.501 -1.437 -1.278 0.164 
triangle -0.859 -2.589 -0.945 -1.317 -1.806 -0.520 -1.308 -0.594 -0.719 
triangle -0.859 -2.589 -0.945 -1.308 -0.594 -0.719 -0.853 -1.448 -1.148 
triangle -1.225 -2.743 -0.043 -1.437 -1.278 0.164 -1.317 -1.806 -0.520 
triangle -1.186 -1.110 0.856 -0.862 -0.426 1.126 -1.248 -0.442 0.659 
triangle -0.700 -0.451 -1.248 -0.362 -1.372 -1.365 -0.853 -1.448 -1.148 
triangle -0.362 -1.372 -1.365 -0.700 -0.451 -1.248 -0.102 -0.415 -1.441 
triangle -0.399 -0.444 1.343 -0.862 -0.426 1.126 -0.607 -1.458 1.309 
triangle -0.700 -0.451 -1.248 -0.853 -1.448 -1.148 -1.308 -0.594 -0.719 
triangle -0.399 -0.444 1.343 -0.394 -0.231 1.286 -0.862 -0.426 1.126 
triangle -0.816 -0.312 -1.097 -0.198 -0.269 -1.295 -0.700 -0.451 -1.248 
triangle -1.308 -0.594 -0.719 -0.816 -0.312 -1.097 -0.700 -0.451 -1.248 
triangle -1.248 -0.442 0.659 -0.862 -0.426 1.126 -1.062 -0.285 0.788 
triangle -1.452 -0.475 0.058 -1.437 -1.278 0.164 -1.248 -0.442 0.659 
triangle -1.317 -1.806 -0.520 -1.452 -0.475 0.058 -1.308 -0.594 -0.719 
triangle -1.308 -0.594 -0.719 -1.452 -0.475 0.058 -1.286 -0.251 -0.415 
triangle -1.248 -0.442 0.659 -1.265 -0.279 0.327 -1.452 -0.475 0.058 
triangle -1.286 -0.251 -0.415 -1.452 -0.475 0.058 -1.265 -0.279 0.327 
triangle 1.890 -1.839 0.644 1.972 -1.829 -0.098 2.170 -0.800 -0.129 
triangle 1.838 -1.826 -0.715 2.170 -0.800 -0.129 1.972 -1.829 -0.098 
triangle 1.530 -1.826 -1.248 2.063 -0.196 -0.928 1.838 -1.826 -0.715 
triangle 1.530 -1.826 -1.248 1.531 -0.059 -1.702 2.063 -0.196 -0.928 
triangle 1.007 -1.822 1.707 1.498 -1.842 1.275 1.650 -0.808 1.430 
triangle 2.170 -0.800 -0.129 2.336 1.434 -0.283 2.202 -0.078 0.622 
triangle 1.890 -1.839 0.644 2.202 -0.078 0.622 1.650 -0.808 1.430 
triangle 2.063 -0.196 -0.928 2.336 1.434 -0.283 2.170 -0.800 -0.129 
triangle 1.024 -1.833 -1.705 1.531 -0.059 -1.702 1.530 -1.826 -1.248 
triangle 1.531 -0.059 -1.702 1.024 -1.833 -1.705 0.568 -0.493 -2.166 
triangle 0.349 -1.832 -1.936 0.568 -0.493 -2.166 1.024 -1.833 -1.705 
triangle 1.650 -0.808 1.430 2.202 -0.078 0.622 1.828 0.709 1.418 
triangle 2.336 1.434 -0.283 2.192 1.464 0.677 2.202 -0.078 0.622 
triangle 0.597 -0.965 2.019 1.007 -1.822 1.707 1.065 -0.275 1.948 
triangle 2.336 1.434 -0.283 2.205 2.027 0.281 2.192 1.464 0.677 
triangle 2.202 -0.078 0.622 2.192 1.464 0.677 1.828 0.709 1.418 
triangle 1.650 -0.808 1.430 1.828 0.709 1.418 1.065 -0.275 1.948 
triangle 1.007 -1.822 1.707 1.650 -0.808 1.430 1.065 -0.275 1.948 
triangle 2.022 2.021 -0.957 2.336 1.434 -0.283 1.956 1.295 -1.206 
triangle 0.568 -0.493 -2.166 0.349 -1.832 -1.936 -0.286 -1.830 -1.970 
triangle 1.956 1.295 -1.206 2.336 1.434 -0.283 2.063 -0.196 -0.928 
triangle 1.956 1.295 -1.206 1.531 -0.059 -1.702 1.513 1.732 -1.695 
triangle 1.531 -0.059 -1.702 0.568 -0.493 -2.166 0.971 1.103 -2.093 
triangle -0.294 -0.326 -2.198 0.568 -0.493 -2.166 -0.286 -1.830 -1.970 
triangle 1.839 1.959 1.327 1.828 0.709 1.418 2.192 1.464 0.677 
triangle 1.065 -0.275 1.948 1.828 0.709 1.418 1.356 0.817 1.852 
triangle 2.002 2.102 0.607 1.839 1.959 1.327 2.205 2.027 0.281 
triangle -0.286 -1.830 -1.970 -1.082 -1.845 -1.684 -0.828 -0.753 -1.989 
triangle 1.513 1.732 -1.695 1.398 2.103 -1.628 2.022 2.021 -0.957 
triangle 2.002 2.102 0.607 1.564 2.065 1.471 1.839 1.959 1.327 
triangle -0.300 -1.830 1.958 -0.563 -0.043 2.213 -1.076 -1.834 1.710 
triangle 0.597 -0.965 2.019 1.065 -0.275 1.948 0.751 0.676 2.139 
triangle -1.076 -1.834 1.710 -0.563 -0.043 2.213 -1.454 -0.654 1.660 
triangle 1.398 2.103 -1.628 2.069 2.096 -0.562 2.022 2.021 -0.957 
triangle -0.300 -1.830 1.958 0.159 0.157 2.278 -0.563 -0.043 2.213 
triangle 1.356 0.817 1.852 1.839 1.959 1.327 1.211 1.764 1.895 
triangle -0.828 -0.753 -1.989 -1.082 -1.845 -1.684 -1.596 -0.481 -1.567 
triangle 0.971 1.103 -2.093 0.883 1.971 -2.042 1.513 1.732 -1.695 
triangle 1.839 1.959 1.327 1.564 2.065 1.471 1.211 1.764 1.895 
triangle 1.211 1.764 1.895 0.673 1.807 2.176 1.356 0.817 1.852 
triangle 0.751 0.676 2.139 1.356 0.817 1.852 0.673 1.807 2.176 
triangle -1.082 -1.845 -1.684 -1.719 -1.841 -1.021 -1.596 -0.481 -1.567 
triangle 1.398 2.103 -1.628 1.513 1.732 -1.695 0.883 1.971 -2.042 
triangle 0.159 0.157 2.278 0.751 0.676 2.139 0.673 1.807 2.176 
triangle 1.564 2.065 1.471 0.829 2.068 1.949 1.211 1.764 1.895 
triangle 0.140 1.244 -2.319 0.883 1.971 -2.042 0.971 1.103 -2.093 
triangle 0.159 0.157 2.278 0.673 1.807 2.176 -0.071 1.805 2.287 
triangle 1.398 2.103 -1.628 0.883 1.971 -2.042 0.390 2.077 -2.103 
triangle 0.140 1.244 -2.319 0.568 -0.493 -2.166 -0.294 -0.326 -2.198 
triangle -1.454 -0.654 1.660 -0.563 -0.043 2.213 -1.320 0.817 1.872 
triangle 0.028 2.104 2.118 0.673 1.807 2.176 0.829 2.068 1.949 
triangle -0.110 1.877 -2.270 0.883 1.971 -2.042 0.140 1.244 -2.319 
triangle -0.653 0.863 -2.176 -0.294 -0.326 -2.198 -0.828 -0.753 -1.989 
triangle -0.828 -0.753 -1.989 -1.078 1.219 -2.076 -0.653 0.863 -2.176 
triangle -0.563 -0.043 2.213 -0.909 1.439 2.112 -1.320 0.817 1.872 
triangle 0.140 1.244 -2.319 -0.294 -0.326 -2.198 -0.653 0.863 -2.176 
triangle -1.897 0.965 1.341 -1.454 -0.654 1.660 -1.320 0.817 1.872 
triangle 0.883 1.971 -2.042 -0.110 1.877 -2.270 0.390 2.077 -2.103 
triangle 0.140 1.244 -2.319 -0.653 0.863 -2.176 -0.110 1.877 -2.270 
triangle -0.110 1.877 -2.270 -0.615 2.063 -2.052 0.390 2.077 -2.103 
triangle -1.078 1.219 -2.076 -0.110 1.877 -2.270 -0.653 0.863 -2.176 
triangle -1.696 1.004 -1.520 -1.078 1.219 -2.076 -1.596 -0.481 -1.567 
triangle -0.071 1.805 2.287 -0.812 2.005 2.037 -0.909 1.439 2.112 
triangle -0.071 1.805 2.287 0.028 2.104 2.118 -0.812 2.005 2.037 
triangle -1.066 1.962 -1.944 -0.110 1.877 -2.270 -1.078 1.219 -2.076 
triangle -1.066 1.962 -1.944 -0.615 2.063 -2.052 -0.110 1.877 -2.270 
triangle -2.107 1.082 -0.954 -1.696 1.004 -1.520 -1.596 -0.481 -1.567 
triangle -1.596 -0.481 -1.567 -2.037 -0.517 -0.816 -2.107 1.082 -0.954 
triangle -2.278 0.948 0.502 -2.202 -0.486 -0.040 -2.022 -0.869 0.762 
triangle -0.615 2.063 -2.052 -1.066 1.962 -1.944 -1.434 2.072 -1.581 
triangle -2.278 0.948 0.502 -2.022 -0.869 0.762 -1.897 0.965 1.341 
triangle -1.078 1.219 -2.076 -1.696 1.004 -1.520 -1.703 1.779 -1.476 
triangle -1.028 2.075 1.871 -1.851 2.083 1.133 -1.573 1.926 1.602 
triangle -1.573 1.926 1.602 -1.897 0.965 1.341 -1.320 0.817 1.872 
triangle -2.107 1.082 -0.954 -1.703 1.779 -1.476 -1.696 1.004 -1.520 
triangle -2.202 -0.486 -0.040 -2.250 0.708 -0.362 -2.037 -0.517 -0.816 
triangle -1.897 0.965 1.341 -1.573 1.926 1.602 -2.005 1.668 0.984 
triangle -2.017 2.035 -0.897 -1.434 2.072 -1.581 -1.703 1.779 -1.476 
triangle -2.107 1.082 -0.954 -2.037 -0.517 -0.816 -2.250 0.708 -0.362 
triangle -2.005 1.668 0.984 -2.278 0.948 0.502 -1.897 0.965 1.341 
triangle -2.017 2.035 -0.897 -1.703 1.779 -1.476 -2.107 1.082 -0.954 
triangle -1.434 2.072 -1.581 -2.017 2.035 -0.897 -1.907 2.061 -0.893 
triangle -2.250 0.708 -0.362 -2.202 -0.486 -0.040 -2.278 0.948 0.502 
triangle -2.254 1.694 -0.256 -2.107 1.082 -0.954 -2.250 0.708 -0.362 
triangle -2.005 1.668 0.984 -1.573 1.926 1.602 -1.851 2.083 1.133 
triangle -2.017 2.035 -0.897 -2.152 2.075 -0.064 -1.907 2.061 -0.893 
triangle -2.107 1.082 -0.954 -2.254 1.694 -0.256 -2.017 2.035 -0.897 
triangle -2.278 0.948 0.502 -2.005 1.668 0.984 -2.148 2.051 0.474 
triangle -2.254 1.694 -0.256 -2.152 2.075 -0.064 -2.017 2.035 -0.897 
triangle -2.005 1.668 0.984 -1.851 2.083 1.133 -2.148 2.051 0.474 
triangle -2.148 2.051 0.474 -1.851 2.083 1.133 -2.152 2.075 -0.064 
triangle 1.017 -3.001 0.576 0.988 -3.657 0.259 1.271 -2.518 0.177 
triangle -1.028 2.075 1.871 -0.812 2.005 2.037 0.028 2.104 2.118 
triangle 0.658 -0.236 1.156 -0.394 -0.231 1.286 0.259 -0.357 1.414 
triangle 2.192 1.464 0.677 2.205 2.027 0.281 1.839 1.959 1.327 
triangle 0.481 -3.650 0.908 0.336 -2.548 1.231 0.065 -3.656 1.016 
triangle -0.805 -2.680 0.974 -0.783 -3.659 0.660 -0.408 -3.663 0.943 
triangle -2.014 -1.845 -0.162 -1.827 -1.852 0.916 -2.022 -0.869 0.762 
triangle -2.278 0.948 0.502 -2.254 1.694 -0.256 -2.250 0.708 -0.362 
triangle -0.394 -0.231 1.286 -0.399 -0.444 1.343 0.259 -0.357 1.414 
triangle 0.751 0.676 2.139 1.065 -0.275 1.948 1.356 0.817 1.852 
triangle -1.203 -2.450 0.501 -1.186 -1.110 0.856 -1.437 -1.278 0.164 
triangle -2.014 -1.845 -0.162 -2.037 -0.517 -0.816 -1.719 -1.841 -1.021 
triangle 1.890 -1.839 0.644 2.170 -0.800 -0.129 2.202 -0.078 0.622 
triangle 1.828 0.709 1.418 1.839 1.959 1.327 1.356 0.817 1.852 
triangle -0.700 -0.451 -1.248 -0.198 -0.269 -1.295 -0.102 -0.415 -1.441 
triangle -0.071 1.805 2.287 -0.909 1.439 2.112 -0.563 -0.043 2.213 
triangle -0.766 2.988 -0.045 -0.778 2.150 0.259 -0.510 3.109 0.495 
triangle -1.076 -1.834 1.710 -1.454 -0.654 1.660 -1.827 -1.852 0.916 
triangle 2.063 -0.196 -0.928 2.170 -0.800 -0.129 1.838 -1.826 -0.715 
triangle 0.360 -1.838 1.943 1.007 -1.822 1.707 0.597 -0.965 2.019 
triangle 1.017 -3.001 0.576 0.860 -2.398 0.982 0.795 -3.658 0.631 
triangle -0.985 -3.656 0.274 -1.225 -2.743 -0.043 -1.018 -3.649 -0.172 
triangle -2.014 -1.845 -0.162 -2.202 -0.486 -0.040 -2.037 -0.517 -0.816 
triangle -0.408 -3.663 0.943 0.065 -3.656 1.016 -0.196 -2.883 1.203 
triangle 2.069 2.096 -0.562 2.002 2.102 0.607 2.205 2.027 0.281 
triangle 0.636 -0.254 -1.228 -0.102 -0.415 -1.441 -0.198 -0.269 -1.295 
triangle 0.065 -3.656 1.016 0.336 -2.548 1.231 -0.196 -2.883 1.203 
triangle -1.248 -0.442 0.659 -1.437 -1.278 0.164 -1.186 -1.110 0.856 
triangle -0.286 -1.830 -1.970 -0.828 -0.753 -1.989 -0.294 -0.326 -2.198 
triangle -1.596 -0.481 -1.567 -1.078 1.219 -2.076 -0.828 -0.753 -1.989 
triangle -1.265 -0.279 0.327 -1.248 -0.442 0.659 -1.062 -0.285 0.788 
triangle 0.682 2.298 -0.473 0.867 2.332 0.100 0.700 0.902 -0.319 
triangle -1.452 -0.475 0.058 -1.317 -1.806 -0.520 -1.437 -1.278 0.164 
triangle 2.205 2.027 0.281 2.336 1.434 -0.283 2.022 2.021 -0.957 
triangle 0.568 -0.493 -2.166 0.140 1.244 -2.319 0.971 1.103 -2.093 
triangle -0.805 -2.680 0.974 -1.186 -1.110 0.856 -1.203 -2.450 0.501 
triangle -0.816 -0.312 -1.097 -1.308 -0.594 -0.719 -1.286 -0.251 -0.415 
triangle 0.860 -2.398 0.982 1.289 -1.402 0.626 1.020 -1.170 0.975 
triangle -0.909 1.439 2.112 -1.573 1.926 1.602 -1.320 0.817 1.872 
triangle -0.394 -0.231 1.286 -1.062 -0.285 0.788 -0.862 -0.426 1.126 
triangle -0.783 -3.659 0.660 -1.203 -2.450 0.501 -0.985 -3.656 0.274 
triangle 0.477 -2.843 -1.141 0.249 -1.518 -1.413 0.923 -1.416 -1.111 
triangle -0.985 -3.656 0.274 -1.203 -2.450 0.501 -1.225 -2.743 -0.043 
triangle 2.205 2.027 0.281 2.022 2.021 -0.957 2.069 2.096 -0.562 
triangle -0.116 -3.675 -1.066 -0.254 -2.894 -1.220 0.477 -2.843 -1.141 
triangle 0.795 -3.658 0.631 0.860 -2.398 0.982 0.481 -3.650 0.908 
triangle 0.336 -2.548 1.231 0.481 -3.650 0.908 0.860 -2.398 0.982 
triangle 1.513 1.732 -1.695 1.531 -0.059 -1.702 0.971 1.103 -2.093 
triangle 0.087 3.080 -0.644 -0.052 3.570 -0.396 0.414 3.450 -0.317 
triangle 1.956 1.295 -1.206 2.063 -0.196 -0.928 1.531 -0.059 -1.702 
triangle -1.078 1.219 -2.076 -1.703 1.779 -1.476 -1.066 1.962 -1.944 
triangle -1.434 2.072 -1.581 -1.066 1.962 -1.944 -1.703 1.779 -1.476 
triangle 0.860 -2.398 0.982 1.017 -3.001 0.576 1.289 -1.402 0.626 
triangle 0.131 -0.629 0.391 0.397 0.188 0.436 0.140 0.884 0.721 
triangle -0.692 1.185 0.257 -0.778 2.150 0.259 -0.800 1.366 -0.201 
triangle 0.501 -0.151 0.176 0.438 -0.473 0.041 0.700 0.902 -0.319 
triangle -0.019 -2.282 0.029 -0.012 -1.901 0.043 0.268 -0.852 0.155 
triangle -0.071 1.805 2.287 0.673 1.807 2.176 0.028 2.104 2.118 
triangle 0.068 -1.913 -0.074 -0.027 -0.425 -0.486 0.380 0.232 -0.488 
triangle 0.336 -2.548 1.231 0.008 -1.168 1.450 -0.196 -2.883 1.203 
triangle -0.607 -1.458 1.309 -0.196 -2.883 1.203 0.008 -1.168 1.450 
triangle 0.259 2.204 0.755 0.582 1.376 0.564 0.272 2.913 0.703 
triangle 0.528 2.281 0.589 0.272 2.913 0.703 0.582 1.376 0.564 
triangle 1.413 -1.313 0.014 1.456 -0.508 0.079 1.289 -1.402 0.626 
triangle 0.751 0.676 2.139 0.159 0.157 2.278 0.597 -0.965 2.019 
triangle -2.278 0.948 0.502 -2.148 2.051 0.474 -2.254 1.694 -0.256 
triangle -2.152 2.075 -0.064 -2.254 1.694 -0.256 -2.148 2.051 0.474 
triangle -0.766 2.988 -0.045 -0.330 3.538 -0.201 -0.443 2.993 -0.583 
triangle 0.700 0.902 -0.319 0.380 0.232 -0.488 0.403 1.642 -0.690 
triangle -0.501 -0.191 0.221 -0.550 0.156 -0.073 -0.019 -2.282 0.029 
triangle -0.012 -1.901 0.043 0.068 -1.913 -0.074 0.438 -0.473 0.041 
triangle -0.330 3.538 -0.201 -0.766 2.988 -0.045 -0.213 3.784 0.156 
triangle -0.510 3.109 0.495 -0.213 3.784 0.156 -0.766 2.988 -0.045 
triangle -0.692 1.185 0.257 -0.501 -0.191 0.221 -0.532 1.139 0.524 
triangle 1.229 -2.540 -0.356 0.969 -2.706 -0.785 1.337 -1.242 -0.541 
triangle 0.923 -1.416 -1.111 1.337 -1.242 -0.541 0.969 -2.706 -0.785 
triangle 0.829 2.068 1.949 0.673 1.807 2.176 1.211 1.764 1.895 
triangle 0.025 0.969 -0.749 0.186 2.262 -0.775 0.403 1.642 -0.690 
triangle 0.582 1.376 0.564 0.695 0.835 0.155 0.867 2.332 0.100 
triangle 0.597 -0.965 2.019 0.159 0.157 2.278 0.360 -1.838 1.943 
triangle -0.300 -1.830 1.958 0.360 -1.838 1.943 0.159 0.157 2.278 
triangle 0.969 -2.706 -0.785 0.516 -3.651 -0.899 0.477 -2.843 -1.141 
triangle 0.969 -2.706 -0.785 0.821 -3.653 -0.601 0.516 -3.651 -0.899 
triangle 1.513 1.732 -1.695 2.022 2.021 -0.957 1.956 1.295 -1.206 
triangle -0.909 1.439 2.112 -0.812 2.005 2.037 -1.573 1.926 1.602 
triangle -1.028 2.075 1.871 -1.573 1.926 1.602 -0.812 2.005 2.037 
triangle -2.022 -0.869 0.762 -2.202 -0.486 -0.040 -2.014 -1.845 -0.162 
triangle -1.203 -2.450 0.501 -0.783 -3.659 0.660 -0.805 -2.680 0.974 
triangle -0.563 -0.043 2.213 0.159 0.157 2.278 -0.071 1.805 2.287 
triangle -2.037 -0.517 -0.816 -1.596 -0.481 -1.567 -1.719 -1.841 -1.021 
triangle 0.249 -1.518 -1.413 -0.254 -2.894 -1.220 -0.362 -1.372 -1.365 
triangle -0.254 -2.894 -1.220 -0.859 -2.589 -0.945 -0.853 -1.448 -1.148 
triangle -0.692 1.185 0.257 -0.800 1.366 -0.201 -0.501 -0.191 0.221 
triangle -0.550 0.156 -0.073 -0.501 -0.191 0.221 -0.800 1.366 -0.201 
triangle 1.890 -1.839 0.644 1.650 -0.808 1.430 1.498 -1.842 1.275 
triangle 0.380 0.232 -0.488 0.700 0.902 -0.319 0.068 -1.913 -0.074 
triangle 0.438 -0.473 0.041 0.068 -1.913 -0.074 0.700 0.902 -0.319 
triangle -0.510 3.109 0.495 -0.535 1.948 0.606 -0.180 2.925 0.710 
triangle -0.179 1.839 0.816 -0.180 2.925 0.710 -0.535 1.948 0.606 
triangle 0.268 -0.852 0.155 -0.012 -1.901 0.043 0.501 -0.151 0.176 
triangle -1.317 -1.806 -0.520 -1.018 -3.649 -0.172 -1.225 -2.743 -0.043 
triangle 1.289 -1.402 0.626 1.271 -2.518 0.177 1.413 -1.313 0.014 
triangle 0.658 -0.236 1.156 0.259 -0.357 1.414 0.898 -0.441 1.116 
triangle 0.601 -1.320 1.294 0.898 -0.441 1.116 0.259 -0.357 1.414 
triangle 0.700 0.902 -0.319 0.695 0.835 0.155 0.501 -0.151 0.176 
triangle 1.265 -0.303 0.568 0.898 -0.441 1.116 1.231 -0.618 0.679 
triangle 1.265 -0.303 0.568 0.658 -0.236 1.156 0.898 -0.441 1.116 
triangle 0.501 -0.151 0.176 0.397 0.188 0.436 0.268 -0.852 0.155 
triangle -0.116 -3.675 -1.066 -0.793 -3.663 -0.724 -0.254 -2.894 -1.220 
triangle -0.859 -2.589 -0.945 -0.254 -2.894 -1.220 -0.793 -3.663 -0.724 
triangle -1.454 -0.654 1.660 -1.897 0.965 1.341 -1.827 -1.852 0.916 
triangle -2.022 -0.869 0.762 -1.827 -1.852 0.916 -1.897 0.965 1.341 
