20  122  40 132
40  132  60 122
20  122  60 122
40  122  40 107
20  107  60 107
20  102  60 102
20  107  20 102
60  107  60 102
80  252  210 252
80  252  80 102
210  252  210 102
80  102  210 102
100  112  110 112
110  112  110 142
110  142  100 142
100  142  100 112
180  112  190 112
190  112  190 142
190  142  180 142
180  142  180 112
140  102  140 132
140  132  160 132
160  132  160 102
150  102  150 132
90  212  90 222
90  222  120 222
120  222  120 212
120  212  90 212
130  212  130 222
130  222  160 222
160  222  160 212
160  212  130 212
170  212  170 222
170  222  200 222
200  222  200 212
200  212  170 212
90  162  90 172
90  172  120 172
120  172  120 162
120  162  90 162
130  162  130 172
130  172  160 172
160  172  160 162
160  162  130 162
170  162  170 172
170  172  200 172
200  172  200 162
200  162  170 162
100  242  110 242
110  242  110 222
110  222  100 222
100  222  100 242
140  242  150 242
150  242  150 222
150  222  140 222
140  222  140 242
180  242  190 242
190  242  190 222
190  222  180 222
180  222  180 242
100  192  110 192
110  192  110 172
110  172  100 172
100  172  100 192
140  192  150 192
150  192  150 172
150  172  140 172
140  172  140 192
180  192  190 192
190  192  190 172
190  172  180 172
180  172  180 192