180 160 184 162

//mashroom
20 20 60 20 //g1
20 25 60 25 //g2
40 25 40 40 //g3
20 20 20 25 //g4
60 20 60 25 //g5
20 40 60 40 //g6
20 40 40 50 //g7
40 50 60 40 //g8

//house
80 20 210 20 //h1
80 170 210 170 //h2
80 20 80 170 //h3
210 20 210 170 //h4

//doors
140 20 140 50 //d1
150 20 150 50 //d2
160 20 160 50 //d3
140 50 160 50 //d4

//low windows
100 30 110 30 //w11
100 60 110 60 //w12
100 30 100 60 //w13
110 30 110 60 //w14

180 30 190 30 //w21
180 60 190 60 //w22
180 30 180 60 //w23
190 30 190 60 //w24

//high windows
100 90 110 90
100 110 110 110
100 90 100 110
110 90 110 110

140 90 150 90
140 110 150 110
140 90 140 110
150 90 150 110

180 90 190 90
180 110 190 110
180 90 180 110
190 90 190 110

100 140 110 140
100 160 110 160 
100 140 100 160
110 140 110 160

140 140 150 140
140 160 150 160
140 140 140 160
150 140 150 160

180 140 190 140
180 160 190 160
180 140 180 160
190 140 190 160

// balcons
90 80 120 80
90 90 120 90
90 80 90 90
120 80 120 90

130 80 160 80
130 90 160 90
130 80 130 90
160 80 160 90

170 80 200 80
170 90 200 90
170 80 170 90
200 80 200 90

90 130 120 130
90 140 120 140
90 130 90 140
120 130 120 140

130 130 160 130
130 140 160 140
130 130 130 140
160 130 160 140

170 130 200 130
170 140 200 140
170 130 170 140
200 130 200 140