color 0 128 0
# First layer
triangle 20 20   0 60 20   0 60 20   0
triangle 60 20   0 50 10   0 50 10   0
triangle 50 10   0 80 10   0 80 10   0
triangle 80 10   0 100 20  0 100 20  0
triangle 100 20  0 110 30  0 110 30  0
triangle 110 30  0 130 30  0 130 30  0
triangle 130 30  0 150 20  0 150 20  0
triangle 150 20  0 230 20  0 230 20  0
triangle 230 20  0 260 30  0 260 30  0
triangle 260 30  0 310 30  0 310 30  0
triangle 310 30  0 330 40  0 330 40  0
triangle 330 40  0 360 40  0 360 40  0
triangle 360 40  0 360 60  0 360 60  0
triangle 360 60  0 350 70  0 350 70  0
triangle 350 70  0 340 70  0 340 70  0
triangle 340 70  0 350 60  0 350 60  0
triangle 340 70  0 320 60  0 320 60  0
triangle 320 60  0 140 60  0 140 60  0
triangle 140 60  0 150 50  0 150 50  0
triangle 140 60  0 130 40  0 130 40  0
triangle 130 40  0 150 40  0 150 40  0
triangle 130 40  0 130 30  0 130 30  0
triangle 140 60  0 120 70  0 120 70  0
triangle 120 70  0 120 90  0 120 90  0
triangle 120 90  0 110 110 0 110 110 0
triangle 110 110 0 100 120 0 100 120 0
triangle 100 120 0 90 110  0 90 110  0
triangle 90 110  0 90 100  0 90 100  0
triangle 80 110  0 100 90  0 100 90  0
triangle 100 90  0 110 70  0 110 70  0
triangle 110 70  0 110 60  0 110 60  0
triangle 110 60  0 100 70  0 100 70  0
triangle 100 70  0 80 80   0 80 80   0
triangle 80 80   0 70 90   0 70 90   0
triangle 70 90   0 70 100  0 70 100  0
triangle 80 110  0 70 110  0 70 110  0
triangle 70 110  0 20 60   0 20 60   0
triangle 20 60   0 20 50   0 20 50   0
triangle 20 50   0 30 40   0 30 40   0
triangle 30 40   0 50 50   0 50 50   0
triangle 50 50   0 100 50  0 100 50  0
triangle 100 50  0  120 70 0  120 70 0
triangle 100 50  0  100 40 0  100 40 0
triangle 100 40  0  110 30 0  110 30 0
triangle 80 50   0 60 40   0 60 40   0
triangle 60 40   0 50 40   0 50 40   0
triangle 50 40   0 30 30   0 30 30   0
triangle 30 30   0 20 20   0 20 20   0
triangle 130 80  0 120 100 0 120 100 0
triangle 120 100 0 120 120 0 120 120 0
triangle 150 90  0 130 110 0 130 110 0
triangle 130 110 0 130 130 0 130 130 0
triangle 140 100 0 140 120 0 140 120 0
triangle 140 120 0 150 130 0 150 130 0
triangle 150 130 0 170 110 0 170 110 0
triangle 160 110 0 170 100 0 170 100 0
triangle 150 130 0 160 130 0 160 130 0
triangle 160 130 0 180 120 0 180 120 0
triangle 180 120 0 200 130 0 200 130 0
triangle 200 130 0 220 130 0 220 130 0
triangle 220 130 0 210 140 0 210 140 0
triangle 230 130 0 220 140 0 220 140 0
triangle 230 130 0 230 140 0 230 140 0
triangle 240 130 0 240 140 0 240 140 0
triangle 240 130 0 260 130 0 260 130 0
triangle 260 130 0 280 120 0 280 120 0
triangle 280 120 0 290 120 0 290 120 0
triangle 290 120 0 310 140 0 310 140 0
triangle 310 140 0 300 120 0 300 120 0
triangle 300 120 0 300 110 0 300 110 0
triangle 300 110 0 320 90  0 320 90  0
triangle 320 90  0 320 130 0 320 130 0
triangle 320 130 0 310 140 0 310 140 0
triangle 320 100 0 340 110 0 340 110 0
triangle 340 110 0 350 130 0 350 130 0
triangle 340 100 0 350 120 0 350 120 0
triangle 340 100 0 330 90  0 330 90  0
triangle 340 90  0 360 110 0 360 110 0
triangle 350 90  0 370 100 0 370 100 0
triangle 360 90  0 380 80  0 380 80  0
triangle 370 80  0 380 70  0 380 70  0
triangle 370 80  0 360 80  0 360 80  0
triangle 360 80  0 370 60  0 370 60  0
triangle 170 90  0 190 90  0 190 90  0
triangle 180 90  0 180 80  0 180 80  0
triangle 180 80  0 190 70  0 190 70  0
triangle 190 70  0 210 65  0 210 65  0
triangle 210 65  0 220 70  0 220 70  0
triangle 220 70  0 230 80  0 230 80  0
triangle 230 80  0 240 70  0 240 70  0
triangle 240 70  0 250 70  0 250 70  0
triangle 250 70  0 270 80  0 270 80  0
triangle 270 80  0 280 90  0 280 90  0
triangle 270 90  0 290 90  0 290 90  0
triangle 230 80  0 230 90  0 230 90  0
triangle 220 90  0 240 90  0 240 90  0
triangle 220 90  0 220 100 0 220 100 0
triangle 240 90  0 240 100 0 240 100 0
triangle 220 100 0 240 100 0 240 100 0
triangle 220 110 0 225 105 0 225 105 0
triangle 220 110 0 225 115 0 225 115 0
triangle 225 105 0 235 115 0 235 115 0
triangle 225 115 0 235 105 0 235 105 0
triangle 235 105 0 240 110 0 240 110 0
triangle 240 110 0 235 115 0 235 115 0
triangle 220 125 0 215 120 0 215 120 0
triangle 230 125 0 240 120 0 240 120 0
triangle 210 150 0 210 160 0 210 160 0
triangle 210 160 0 220 170 0 220 170 0
triangle 230 170 0 240 150 0 240 150 0
triangle 150 110 0 160 90  0 160 90  0
# Second layer
triangle 20 20   20 60 20   0 60 20   20
triangle 60 20   20 50 10   0 50 10   20
triangle 50 10   20 80 10   0 80 10   20
triangle 80 10   20 100 20  0 100 20  20
triangle 100 20  20 110 30  0 110 30  20
triangle 110 30  20 130 30  0 130 30  20
triangle 130 30  20 150 20  0 150 20  20
triangle 150 20  20 230 20  0 230 20  20
triangle 230 20  20 260 30  0 260 30  20
triangle 260 30  20 310 30  0 310 30  20
triangle 310 30  20 330 40  0 330 40  20
triangle 330 40  20 360 40  0 360 40  20
triangle 360 40  20 360 60  0 360 60  20
triangle 360 60  20 350 70  0 350 70  20
triangle 350 70  20 340 70  0 340 70  20
triangle 340 70  20 350 60  0 350 60  20
triangle 340 70  20 320 60  0 320 60  20
triangle 320 60  20 140 60  0 140 60  20
triangle 140 60  20 150 50  0 150 50  20
triangle 140 60  20 130 40  0 130 40  20
triangle 130 40  20 150 40  0 150 40  20
triangle 130 40  20 130 30  0 130 30  20
triangle 140 60  20 120 70  0 120 70  20
triangle 120 70  20 120 90  0 120 90  20
triangle 120 90  20 110 110 0 110 110 20
triangle 110 110 20 100 120 0 100 120 20
triangle 100 120 20 90 110  0 90 110  20
triangle 90 110  20 90 100  0 90 100  20
triangle 80 110  20 100 90  0 100 90  20
triangle 100 90  20 110 70  0 110 70  20
triangle 110 70  20 110 60  0 110 60  20
triangle 110 60  20 100 70  0 100 70  20
triangle 100 70  20 80 80   0 80 80   20
triangle 80 80   20 70 90   0 70 90   20
triangle 70 90   20 70 100  0 70 100  20
triangle 80 110  20 70 110  0 70 110  20
triangle 70 110  20 20 60   0 20 60   20
triangle 20 60   20 20 50   0 20 50   20
triangle 20 50   20 30 40   0 30 40   20
triangle 30 40   20 50 50   0 50 50   20
triangle 50 50   20 100 50  0 100 50  20
triangle 100 50  20  120 70 0  120 70 20
triangle 100 50  20  100 40 0  100 40 20
triangle 100 40  20  110 30 0  110 30 20
triangle 80 50   20 60 40   0 60 40   20
triangle 60 40   20 50 40   0 50 40   20
triangle 50 40   20 30 30   0 30 30   20
triangle 30 30   20 20 20   0 20 20   20
triangle 130 80  20 120 100 0 120 100 20
triangle 120 100 20 120 120 0 120 120 20
triangle 150 90  20 130 110 0 130 110 20
triangle 130 110 20 130 130 0 130 130 20
triangle 140 100 20 140 120 0 140 120 20
triangle 140 120 20 150 130 0 150 130 20
triangle 150 130 20 170 110 0 170 110 20
triangle 160 110 20 170 100 0 170 100 20
triangle 150 130 20 160 130 0 160 130 20
triangle 160 130 20 180 120 0 180 120 20
triangle 180 120 20 200 130 0 200 130 20
triangle 200 130 20 220 130 0 220 130 20
triangle 220 130 20 210 140 0 210 140 20
triangle 230 130 20 220 140 0 220 140 20
triangle 230 130 20 230 140 0 230 140 20
triangle 240 130 20 240 140 0 240 140 20
triangle 240 130 20 260 130 0 260 130 20
triangle 260 130 20 280 120 0 280 120 20
triangle 280 120 20 290 120 0 290 120 20
triangle 290 120 20 310 140 0 310 140 20
triangle 310 140 20 300 120 0 300 120 20
triangle 300 120 20 300 110 0 300 110 20
triangle 300 110 20 320 90  0 320 90  20
triangle 320 90  20 320 130 0 320 130 20
triangle 320 130 20 310 140 0 310 140 20
triangle 320 100 20 340 110 0 340 110 20
triangle 340 110 20 350 130 0 350 130 20
triangle 340 100 20 350 120 0 350 120 20
triangle 340 100 20 330 90  0 330 90  20
triangle 340 90  20 360 110 0 360 110 20
triangle 350 90  20 370 100 0 370 100 20
triangle 360 90  20 380 80  0 380 80  20
triangle 370 80  20 380 70  0 380 70  20
triangle 370 80  20 360 80  0 360 80  20
triangle 360 80  20 370 60  0 370 60  20
triangle 170 90  20 190 90  0 190 90  20
triangle 180 90  20 180 80  0 180 80  20
triangle 180 80  20 190 70  0 190 70  20
triangle 190 70  20 210 65  0 210 65  20
triangle 210 65  20 220 70  0 220 70  20
triangle 220 70  20 230 80  0 230 80  20
triangle 230 80  20 240 70  0 240 70  20
triangle 240 70  20 250 70  0 250 70  20
triangle 250 70  20 270 80  0 270 80  20
triangle 270 80  20 280 90  0 280 90  20
triangle 270 90  20 290 90  0 290 90  20
triangle 230 80  20 230 90  0 230 90  20
triangle 220 90  20 240 90  0 240 90  20
triangle 220 90  20 220 100 0 220 100 20
triangle 240 90  20 240 100 0 240 100 20
triangle 220 100 20 240 100 0 240 100 20
triangle 220 110 20 225 105 0 225 105 20
triangle 220 110 20 225 115 0 225 115 20
triangle 225 105 20 235 115 0 235 115 20
triangle 225 115 20 235 105 0 235 105 20
triangle 235 105 20 240 110 0 240 110 20
triangle 240 110 20 235 115 0 235 115 20
triangle 220 125 20 215 120 0 215 120 20
triangle 230 125 20 240 120 0 240 120 20
triangle 210 150 20 210 160 0 210 160 20
triangle 210 160 20 220 170 0 220 170 20
triangle 230 170 20 240 150 0 240 150 20
triangle 150 110 20 160 90  0 160 90  20
lookat 200 300 400 100 100 20  0 1 0 
screen 90 200 400