100 100 700 380
20  122  40 132  1
40  132  60 122  2
20  122  60 122  3
40  122  40 107  4
20  107  60 107  5
20  102  60 102  6
20  107  20 102  7
60  107  60 102  8
80  252  210 252 9
80  252  80 102  10
210  252  210 102  11
80  102  210 102   12
100  112  110 112  13
110  112  110 142  14
110  142  100 142  15
100  142  100 112  16
180  112  190 112  17
190  112  190 142  18
190  142  180 142  19
180  142  180 112  20
140  102  140 132  21
140  132  160 132  22
160  132  160 102  23
150  102  150 132  24
90  212  90 222    25
90  222  120 222   26
120  222  120 212  27
120  212  90 212   28
130  212  130 222  29
130  222  160 222  30
160  222  160 212  31
160  212  130 212  32
170  212  170 222  33
170  222  200 222  34
200  222  200 212  35
200  212  170 212  36
90  162  90 172    37
90  172  120 172   38
120  172  120 162  39
120  162  90 162   40
130  162  130 172  41
130  172  160 172  42
160  172  160 162  43
160  162  130 162  44
170  162  170 172  45
170  172  200 172  46
200  172  200 162  47
200  162  170 162  48
100  242  110 242  49
110  242  110 222  50
110  222  100 222  51
100  222  100 242  52
140  242  150 242  53
150  242  150 222  54
150  222  140 222  55
140  222  140 242  56
180  242  190 242  57
190  242  190 222  58
190  222  180 222  59
180  222  180 242  60
100  192  110 192  61
110  192  110 172  62
110  172  100 172  63
100  172  100 192  64
140  192  150 192  65
150  192  150 172  66
150  172  140 172  67
140  172  140 192  68
180  192  190 192  69
190  192  190 172  70
190  172  180 172  71
180  172  180 192  72