0 0 230 230
0 0 100 100

# big wheel

60 20 80 10 1
80 10 100 10 1
100 10 120 20 1
120 20 130 40 1
130 40 130 60 1
130 60 120 80 1
120 80 100 90 1
100 90 80 90 1
80 90 60 80 1
60 80 50 60 1
50 60 50 40 1
50 40 60 20 1

# nose

130 55 205 55 2
205 55 210 80 2
210 80 210 85 2
210 85 130 85 2
130 85 130 55 2

# cabin

130 85 135 140 3
135 140 70 140 3
70 140 70 85 3

# window

85 130 120 130 4
120 130 120 90 4
120 90 85 100 4
85 100 85 130 4

# lil wheel

180 55 185 50 6
185 50 190 55 6

180 50 190 50 5
190 50 200 45 5
200 45 205 35 5
205 35 205 25 5
205 25 200 15 5
200 15 190 10 5
190 10 180 10 5
180 10 170 15 5
170 15 165 25 5
165 25 165 35 5
165 35 170 45 5
170 45 180 50 5